36	39	132	132	0.125	0.125
38	43	40	40	0.125	0.125
57	48	59	59	0.125	0.125
40	49	38	38	0.125	0.125
40	51	134	134	0.125	0.125
59	54	57	57	0.125	0.125
59	56	153	153	0.125	0.125
61	60	157	157	0.125	0.125
132	133	36	36	0.125	0.125
132	135	228	228	0.125	0.125
134	137	40	40	0.125	0.125
134	139	136	136	0.125	0.125
153	142	59	59	0.125	0.125
153	144	155	155	0.125	0.125
136	145	134	134	0.125	0.125
136	147	230	230	0.125	0.125
155	150	153	153	0.125	0.125
155	152	249	249	0.125	0.125
157	154	61	61	0.125	0.125
157	156	253	253	0.125	0.125
228	229	132	132	0.125	0.125
228	231	324	324	0.125	0.125
230	233	136	136	0.125	0.125
230	235	232	232	0.125	0.125
249	238	155	155	0.125	0.125
249	240	251	251	0.125	0.125
232	241	230	230	0.125	0.125
232	243	326	326	0.125	0.125
251	246	249	249	0.125	0.125
251	248	345	345	0.125	0.125
253	250	157	157	0.125	0.125
253	252	349	349	0.125	0.125
324	325	228	228	0.125	0.125
324	327	420	420	0.125	0.125
326	329	232	232	0.125	0.125
326	331	328	328	0.125	0.125
345	334	251	251	0.125	0.125
345	336	347	347	0.125	0.125
328	337	326	326	0.125	0.125
328	339	422	422	0.125	0.125
347	342	345	345	0.125	0.125
347	344	441	441	0.125	0.125
349	346	253	253	0.125	0.125
349	348	445	445	0.125	0.125
420	421	324	324	0.125	0.125
420	423	516	516	0.125	0.125
422	425	328	328	0.125	0.125
422	427	424	424	0.125	0.125
441	430	347	347	0.125	0.125
441	432	443	443	0.125	0.125
424	433	422	422	0.125	0.125
424	435	518	518	0.125	0.125
443	438	441	441	0.125	0.125
443	440	537	537	0.125	0.125
445	442	349	349	0.125	0.125
445	444	541	541	0.125	0.125
516	517	420	420	0.125	0.125
516	519	612	612	0.125	0.125
518	521	424	424	0.125	0.125
518	523	520	520	0.125	0.125
537	526	443	443	0.125	0.125
537	528	539	539	0.125	0.125
520	529	518	518	0.125	0.125
520	531	614	614	0.125	0.125
539	534	537	537	0.125	0.125
539	536	633	633	0.125	0.125
541	538	445	445	0.125	0.125
541	540	637	637	0.125	0.125
612	613	516	516	0.125	0.125
612	615	708	708	0.125	0.125
614	617	520	520	0.125	0.125
614	619	616	616	0.125	0.125
633	622	539	539	0.125	0.125
633	624	635	635	0.125	0.125
616	625	614	614	0.125	0.125
616	627	710	710	0.125	0.125
635	630	633	633	0.125	0.125
635	632	729	729	0.125	0.125
637	634	541	541	0.125	0.125
637	636	733	733	0.125	0.125
708	709	612	612	0.125	0.125
708	711	804	804	0.125	0.125
710	713	616	616	0.125	0.125
710	715	712	712	0.125	0.125
729	718	635	635	0.125	0.125
729	720	731	731	0.125	0.125
712	721	710	710	0.125	0.125
712	723	806	806	0.125	0.125
731	726	729	729	0.125	0.125
731	728	825	825	0.125	0.125
733	730	637	637	0.125	0.125
733	732	829	829	0.125	0.125
804	805	708	708	0.125	0.125
804	807	900	900	0.125	0.125
806	809	712	712	0.125	0.125
806	811	808	808	0.125	0.125
825	814	731	731	0.125	0.125
825	816	827	827	0.125	0.125
808	817	806	806	0.125	0.125
808	819	902	902	0.125	0.125
827	822	825	825	0.125	0.125
827	824	921	921	0.125	0.125
829	826	733	733	0.125	0.125
829	828	925	925	0.125	0.125
900	901	804	804	0.125	0.125
900	903	1002	1002	0.125	0.125
902	905	808	808	0.125	0.125
902	907	904	904	0.125	0.125
921	910	827	827	0.125	0.125
921	912	923	923	0.125	0.125
904	913	902	902	0.125	0.125
904	915	1004	1004	0.125	0.125
923	918	921	921	0.125	0.125
923	920	1023	1023	0.125	0.125
925	922	829	829	0.125	0.125
925	924	1027	1027	0.125	0.125
864	960	863	863	0.125	0.125
959	960	863	863	0.125	0.125
959	962	1061	1062	0.166667	0.166667
961	963	960	960	0.125	0.125
962	963	960	960	0.125	0.125
962	965	1065	1065	0.125	0.125
1002	1003	900	900	0.125	0.125
1002	1005	1113	1113	0.125	0.125
1004	1007	904	904	0.125	0.125
1004	1009	1006	1006	0.125	0.125
1023	1012	923	923	0.125	0.125
1023	1014	1025	1025	0.125	0.125
1006	1015	1004	1004	0.125	0.125
1006	1017	1115	1115	0.125	0.125
1025	1020	1023	1023	0.125	0.125
1025	1022	1134	1134	0.125	0.125
1027	1024	925	925	0.125	0.125
1027	1026	1138	1138	0.125	0.125
959	1061	958	958	0.125	0.125
1060	1061	958	958	0.125	0.125
959	1062	962	960	0.166667	0.166667
1060	1063	1171	1172	0.166667	0.166667
1065	1066	962	962	0.125	0.125
1065	1068	1070	1071	0.166667	0.166667
1065	1070	1062	1062	0.125	0.125
1064	1070	1062	1062	0.125	0.125
1065	1071	1068	1066	0.166667	0.166667
1064	1072	1176	1177	0.166667	0.166667
1192	1076	1189	1191	0.166667	0.166667
1113	1114	1002	1002	0.125	0.125
1113	1116	1230	1230	0.125	0.125
1115	1118	1006	1006	0.125	0.125
1115	1120	1117	1117	0.125	0.125
1134	1123	1025	1025	0.125	0.125
1134	1125	1136	1136	0.125	0.125
1117	1126	1115	1115	0.125	0.125
1117	1128	1232	1232	0.125	0.125
1136	1131	1134	1134	0.125	0.125
1136	1133	1251	1251	0.125	0.125
1138	1135	1027	1027	0.125	0.125
1138	1137	1255	1255	0.125	0.125
1060	1171	1059	1059	0.125	0.125
1170	1171	1059	1059	0.125	0.125
1060	1172	1063	1061	0.166667	0.166667
1170	1173	1287	1288	0.166667	0.166667
1064	1176	1063	1063	0.125	0.125
1175	1176	1063	1063	0.125	0.125
1064	1177	1072	1070	0.166667	0.166667
1175	1178	1180	1181	0.166667	0.166667
1175	1180	1172	1172	0.125	0.125
1174	1180	1172	1172	0.125	0.125
1175	1181	1178	1176	0.166667	0.166667
1174	1182	1292	1293	0.166667	0.166667
1193	1185	1191	1190	0.166667	0.166667
1308	1186	1305	1307	0.166667	0.166667
1193	1187	1311	1311	0.0833333	0.0833333
1308	1187	1311	1311	0.0833333	0.0833333
1311	1193	1308	1310	0.166667	0.166667
1192	1189	1077	1076	0.166667	0.166667
1193	1190	1185	1187	0.166667	0.166667
1192	1191	1194	1194	0.125	0.125
1193	1191	1194	1194	0.125	0.125
1230	1231	1113	1113	0.125	0.125
1230	1233	1347	1347	0.125	0.125
1232	1235	1117	1117	0.125	0.125
1232	1237	1234	1234	0.125	0.125
1251	1240	1136	1136	0.125	0.125
1251	1242	1253	1253	0.125	0.125
1234	1243	1232	1232	0.125	0.125
1234	1245	1349	1349	0.125	0.125
1253	1248	1251	1251	0.125	0.125
1253	1250	1368	1368	0.125	0.125
1255	1252	1138	1138	0.125	0.125
1255	1254	1372	1372	0.125	0.125
1170	1287	1169	1169	0.125	0.125
1286	1287	1169	1169	0.125	0.125
1170	1288	1173	1171	0.166667	0.166667
1286	1289	1403	1404	0.166667	0.166667
1174	1292	1173	1173	0.125	0.125
1291	1292	1173	1173	0.125	0.125
1174	1293	1182	1180	0.166667	0.166667
1291	1294	1296	1297	0.166667	0.166667
1291	1296	1288	1288	0.125	0.125
1290	1296	1288	1288	0.125	0.125
1291	1297	1294	1292	0.166667	0.166667
1290	1298	1408	1409	0.166667	0.166667
1309	1301	1307	1306	0.166667	0.166667
1424	1302	1421	1423	0.166667	0.166667
1309	1303	1427	1427	0.0833333	0.0833333
1424	1303	1427	1427	0.0833333	0.0833333
1311	1308	1194	1193	0.166667	0.166667
1427	1309	1424	1426	0.166667	0.166667
1311	1310	1428	1428	0.125	0.125
1427	1310	1428	1428	0.125	0.125
1308	1305	1187	1186	0.166667	0.166667
1309	1306	1301	1303	0.166667	0.166667
1308	1307	1310	1310	0.125	0.125
1309	1307	1310	1310	0.125	0.125
1347	1348	1230	1230	0.125	0.125
1347	1350	1464	1464	0.125	0.125
1349	1352	1234	1234	0.125	0.125
1349	1354	1351	1351	0.125	0.125
1368	1357	1253	1253	0.125	0.125
1368	1359	1370	1370	0.125	0.125
1351	1360	1349	1349	0.125	0.125
1351	1362	1466	1466	0.125	0.125
1370	1365	1368	1368	0.125	0.125
1370	1367	1485	1485	0.125	0.125
1372	1369	1255	1255	0.125	0.125
1372	1371	1489	1489	0.125	0.125
1286	1403	1285	1285	0.125	0.125
1402	1403	1285	1285	0.125	0.125
1286	1404	1289	1287	0.166667	0.166667
1402	1405	1519	1520	0.166667	0.166667
1290	1408	1289	1289	0.125	0.125
1407	1408	1289	1289	0.125	0.125
1290	1409	1298	1296	0.166667	0.166667
1407	1410	1412	1413	0.166667	0.166667
1407	1412	1404	1404	0.125	0.125
1406	1412	1404	1404	0.125	0.125
1407	1413	1410	1408	0.166667	0.166667
1406	1414	1524	1525	0.166667	0.166667
1425	1417	1423	1422	0.166667	0.166667
1540	1418	1537	1539	0.166667	0.166667
1425	1419	1543	1543	0.0833333	0.0833333
1540	1419	1543	1543	0.0833333	0.0833333
1427	1424	1310	1309	0.166667	0.166667
1543	1425	1540	1542	0.166667	0.166667
1427	1426	1544	1544	0.125	0.125
1543	1426	1544	1544	0.125	0.125
1424	1421	1303	1302	0.166667	0.166667
1425	1422	1417	1419	0.166667	0.166667
1424	1423	1426	1426	0.125	0.125
1425	1423	1426	1426	0.125	0.125
1464	1465	1347	1347	0.125	0.125
1464	1467	1581	1581	0.125	0.125
1466	1469	1351	1351	0.125	0.125
1466	1471	1468	1468	0.125	0.125
1485	1474	1370	1370	0.125	0.125
1485	1476	1487	1487	0.125	0.125
1468	1477	1466	1466	0.125	0.125
1468	1479	1583	1583	0.125	0.125
1487	1482	1485	1485	0.125	0.125
1487	1484	1602	1602	0.125	0.125
1489	1486	1372	1372	0.125	0.125
1489	1488	1606	1606	0.125	0.125
1402	1519	1401	1401	0.125	0.125
1518	1519	1401	1401	0.125	0.125
1402	1520	1405	1403	0.166667	0.166667
1518	1521	1635	1636	0.166667	0.166667
1406	1524	1405	1405	0.125	0.125
1523	1524	1405	1405	0.125	0.125
1406	1525	1414	1412	0.166667	0.166667
1523	1526	1528	1529	0.166667	0.166667
1523	1528	1520	1520	0.125	0.125
1522	1528	1520	1520	0.125	0.125
1523	1529	1526	1524	0.166667	0.166667
1522	1530	1640	1641	0.166667	0.166667
1541	1533	1539	1538	0.166667	0.166667
1656	1534	1653	1655	0.166667	0.166667
1541	1535	1659	1659	0.0833333	0.0833333
1656	1535	1659	1659	0.0833333	0.0833333
1543	1540	1426	1425	0.166667	0.166667
1659	1541	1656	1658	0.166667	0.166667
1543	1542	1660	1660	0.125	0.125
1659	1542	1660	1660	0.125	0.125
1540	1537	1419	1418	0.166667	0.166667
1541	1538	1533	1535	0.166667	0.166667
1540	1539	1542	1542	0.125	0.125
1541	1539	1542	1542	0.125	0.125
1581	1582	1464	1464	0.125	0.125
1581	1584	1698	1698	0.125	0.125
1583	1586	1468	1468	0.125	0.125
1583	1588	1585	1585	0.125	0.125
1602	1591	1487	1487	0.125	0.125
1602	1593	1604	1604	0.125	0.125
1585	1594	1583	1583	0.125	0.125
1585	1596	1700	1700	0.125	0.125
1604	1599	1602	1602	0.125	0.125
1604	1601	1719	1719	0.125	0.125
1606	1603	1489	1489	0.125	0.125
1606	1605	1723	1723	0.125	0.125
1518	1635	1517	1517	0.125	0.125
1634	1635	1517	1517	0.125	0.125
1518	1636	1521	1519	0.166667	0.166667
1634	1637	1751	1752	0.166667	0.166667
1522	1640	1521	1521	0.125	0.125
1639	1640	1521	1521	0.125	0.125
1522	1641	1530	1528	0.166667	0.166667
1639	1642	1644	1645	0.166667	0.166667
1639	1644	1636	1636	0.125	0.125
1638	1644	1636	1636	0.125	0.125
1639	1645	1642	1640	0.166667	0.166667
1638	1646	1756	1757	0.166667	0.166667
1657	1649	1655	1654	0.166667	0.166667
1772	1650	1769	1771	0.166667	0.166667
1657	1651	1775	1775	0.0833333	0.0833333
1772	1651	1775	1775	0.0833333	0.0833333
1659	1656	1542	1541	0.166667	0.166667
1775	1657	1772	1774	0.166667	0.166667
1659	1658	1776	1776	0.125	0.125
1775	1658	1776	1776	0.125	0.125
1656	1653	1535	1534	0.166667	0.166667
1657	1654	1649	1651	0.166667	0.166667
1656	1655	1658	1658	0.125	0.125
1657	1655	1658	1658	0.125	0.125
1698	1699	1581	1581	0.125	0.125
1698	1701	1815	1815	0.125	0.125
1700	1703	1585	1585	0.125	0.125
1700	1705	1702	1702	0.125	0.125
1719	1708	1604	1604	0.125	0.125
1719	1710	1721	1721	0.125	0.125
1702	1711	1700	1700	0.125	0.125
1702	1713	1817	1817	0.125	0.125
1721	1716	1719	1719	0.125	0.125
1721	1718	1836	1836	0.125	0.125
1723	1720	1606	1606	0.125	0.125
1723	1722	1840	1840	0.125	0.125
1634	1751	1633	1633	0.125	0.125
1750	1751	1633	1633	0.125	0.125
1634	1752	1637	1635	0.166667	0.166667
1750	1753	1870	1871	0.166667	0.166667
1638	1756	1637	1637	0.125	0.125
1755	1756	1637	1637	0.125	0.125
1638	1757	1646	1644	0.166667	0.166667
1755	1758	1760	1761	0.166667	0.166667
1755	1760	1752	1752	0.125	0.125
1754	1760	1752	1752	0.125	0.125
1755	1761	1758	1756	0.166667	0.166667
1754	1762	1875	1876	0.166667	0.166667
1773	1765	1771	1770	0.166667	0.166667
1891	1766	1888	1890	0.166667	0.166667
1773	1767	1894	1894	0.0833333	0.0833333
1891	1767	1894	1894	0.0833333	0.0833333
1775	1772	1658	1657	0.166667	0.166667
1894	1773	1891	1893	0.166667	0.166667
1775	1774	1895	1895	0.125	0.125
1894	1774	1895	1895	0.125	0.125
1772	1769	1651	1650	0.166667	0.166667
1773	1770	1765	1767	0.166667	0.166667
1772	1771	1774	1774	0.125	0.125
1773	1771	1774	1774	0.125	0.125
1815	1816	1698	1698	0.125	0.125
1815	1818	1935	1935	0.125	0.125
1817	1820	1702	1702	0.125	0.125
1817	1822	1819	1819	0.125	0.125
1836	1825	1721	1721	0.125	0.125
1836	1827	1838	1838	0.125	0.125
1819	1828	1817	1817	0.125	0.125
1819	1830	1937	1937	0.125	0.125
1838	1833	1836	1836	0.125	0.125
1838	1835	1956	1956	0.125	0.125
1840	1837	1723	1723	0.125	0.125
1840	1839	1960	1960	0.125	0.125
1725	1842	1724	1724	0.125	0.125
1841	1842	1724	1724	0.125	0.125
1725	1843	1726	1726	0.125	0.125
1846	1843	1726	1726	0.125	0.125
1841	1844	1961	1962	0.166667	0.166667
1846	1845	1981	1982	0.166667	0.166667
1750	1870	1749	1749	0.125	0.125
1869	1870	1749	1749	0.125	0.125
1750	1871	1753	1751	0.166667	0.166667
1869	1872	2007	2007	0.125	0.125
1754	1875	1753	1753	0.125	0.125
1874	1875	1753	1753	0.125	0.125
1754	1876	1762	1760	0.166667	0.166667
1874	1877	1879	1880	0.166667	0.166667
1874	1879	1871	1871	0.125	0.125
1873	1879	1871	1871	0.125	0.125
1874	1880	1877	1875	0.166667	0.166667
1873	1881	2009	2009	0.125	0.125
1892	1884	1890	1889	0.166667	0.166667
1892	1886	2028	2028	0.125	0.125
1894	1891	1774	1773	0.166667	0.166667
1894	1893	2032	2032	0.125	0.125
1891	1888	1767	1766	0.166667	0.166667
1892	1889	1884	1886	0.166667	0.166667
1891	1890	1893	1893	0.125	0.125
1892	1890	1893	1893	0.125	0.125
1935	1936	1815	1815	0.125	0.125
1935	1938	2073	2073	0.125	0.125
1937	1940	1819	1819	0.125	0.125
1937	1942	1939	1939	0.125	0.125
1956	1945	1838	1838	0.125	0.125
1956	1947	1958	1958	0.125	0.125
1939	1948	1937	1937	0.125	0.125
1939	1950	2075	2075	0.125	0.125
1958	1953	1956	1956	0.125	0.125
1958	1955	2094	2094	0.125	0.125
1960	1957	1840	1840	0.125	0.125
1960	1959	2098	2098	0.125	0.125
1841	1961	1840	1840	0.125	0.125
1960	1961	1840	1840	0.125	0.125
1841	1962	1844	1842	0.166667	0.166667
1960	1963	2098	2098	0.125	0.125
1844	1965	1841	1841	0.0833333	0.0833333
1962	1965	1841	1841	0.0833333	0.0833333
1844	1966	1845	1845	0.125	0.125
1962	1967	1964	1964	0.125	0.125
1845	1969	1844	1844	0.125	0.125
1845	1970	1846	1846	0.0833333	0.0833333
1981	1970	1846	1846	0.0833333	0.0833333
1981	1972	1983	1983	0.125	0.125
1964	1973	1962	1962	0.125	0.125
1964	1975	2100	2100	0.125	0.125
1983	1978	1981	1981	0.125	0.125
1983	1980	2119	2119	0.125	0.125
1846	1981	1843	1845	0.166667	0.166667
1846	1982	1847	1847	0.125	0.125
1985	1982	1847	1847	0.125	0.125
1985	1984	2123	2123	0.125	0.125
2007	2008	1869	1869	0.125	0.125
2007	2010	2145	2146	0.166667	0.166667
2009	2011	2008	2008	0.125	0.125
2010	2011	2008	2008	0.125	0.125
2009	2012	2017	2015	0.166667	0.166667
2010	2013	2152	2153	0.166667	0.166667
2009	2015	1873	1873	0.125	0.125
2009	2017	2011	2012	0.166667	0.166667
2028	2020	1892	1892	0.125	0.125
2027	2021	2024	2026	0.166667	0.166667
2028	2022	2030	2030	0.125	0.125
2027	2022	2030	2030	0.125	0.125
2027	2024	2022	2021	0.166667	0.166667
2165	2025	2157	2159	0.166667	0.166667
2027	2026	2166	2166	0.125	0.125
2165	2026	2166	2166	0.125	0.125
2032	2029	1894	1894	0.125	0.125
2169	2030	2166	2168	0.166667	0.166667
2032	2031	2170	2170	0.125	0.125
2169	2031	2170	2170	0.125	0.125
2073	2074	1935	1935	0.125	0.125
2073	2076	2211	2211	0.125	0.125
2075	2078	1939	1939	0.125	0.125
2075	2080	2077	2077	0.125	0.125
2094	2083	1958	1958	0.125	0.125
2094	2085	2096	2096	0.125	0.125
2077	2086	2075	2075	0.125	0.125
2077	2088	2213	2213	0.125	0.125
2096	2091	2094	2094	0.125	0.125
2096	2093	2232	2232	0.125	0.125
2098	2095	1960	1960	0.125	0.125
2098	2097	2236	2236	0.125	0.125
2098	2099	1960	1960	0.125	0.125
2098	2101	2236	2236	0.125	0.125
2100	2103	1964	1964	0.125	0.125
2100	2105	2102	2102	0.125	0.125
2119	2108	1983	1983	0.125	0.125
2119	2110	2121	2121	0.125	0.125
2102	2111	2100	2100	0.125	0.125
2102	2113	2238	2238	0.125	0.125
2121	2116	2119	2119	0.125	0.125
2121	2118	2257	2257	0.125	0.125
2123	2120	1985	1985	0.125	0.125
2123	2122	2261	2261	0.125	0.125
2007	2145	2006	2006	0.125	0.125
2144	2145	2006	2006	0.125	0.125
2007	2146	2010	2008	0.166667	0.166667
2144	2147	2282	2283	0.166667	0.166667
2146	2148	2145	2145	0.125	0.125
2147	2148	2145	2145	0.125	0.125
2146	2149	2154	2152	0.166667	0.166667
2147	2150	2289	2290	0.166667	0.166667
2010	2152	2007	2007	0.0833333	0.0833333
2146	2152	2007	2007	0.0833333	0.0833333
2010	2153	2013	2011	0.166667	0.166667
2146	2154	2148	2149	0.166667	0.166667
2165	2157	2026	2025	0.166667	0.166667
2164	2158	2161	2163	0.166667	0.166667
2165	2159	2167	2167	0.125	0.125
2164	2159	2167	2167	0.125	0.125
2164	2161	2159	2158	0.166667	0.166667
2302	2162	2294	2296	0.166667	0.166667
2164	2163	2303	2303	0.125	0.125
2302	2163	2303	2303	0.125	0.125
2169	2166	2031	2030	0.166667	0.166667
2306	2167	2303	2305	0.166667	0.166667
2169	2168	2307	2307	0.125	0.125
2306	2168	2307	2307	0.125	0.125
2211	2212	2073	2073	0.125	0.125
2211	2214	2349	2349	0.125	0.125
2213	2216	2077	2077	0.125	0.125
2213	2218	2215	2215	0.125	0.125
2232	2221	2096	2096	0.125	0.125
2232	2223	2234	2234	0.125	0.125
2215	2224	2213	2213	0.125	0.125
2215	2226	2351	2351	0.125	0.125
2234	2229	2232	2232	0.125	0.125
2234	2231	2370	2370	0.125	0.125
2236	2233	2098	2098	0.125	0.125
2236	2235	2374	2374	0.125	0.125
2236	2237	2098	2098	0.125	0.125
2236	2239	2374	2374	0.125	0.125
2238	2241	2102	2102	0.125	0.125
2238	2243	2240	2240	0.125	0.125
2257	2246	2121	2121	0.125	0.125
2257	2248	2259	2259	0.125	0.125
2240	2249	2238	2238	0.125	0.125
2240	2251	2376	2376	0.125	0.125
2259	2254	2257	2257	0.125	0.125
2259	2256	2395	2395	0.125	0.125
2261	2258	2123	2123	0.125	0.125
2261	2260	2399	2399	0.125	0.125
2144	2282	2143	2143	0.125	0.125
2281	2282	2143	2143	0.125	0.125
2144	2283	2147	2145	0.166667	0.166667
2281	2284	2419	2420	0.166667	0.166667
2283	2285	2282	2282	0.125	0.125
2284	2285	2282	2282	0.125	0.125
2283	2286	2291	2289	0.166667	0.166667
2284	2287	2426	2427	0.166667	0.166667
2147	2289	2144	2144	0.0833333	0.0833333
2283	2289	2144	2144	0.0833333	0.0833333
2147	2290	2150	2148	0.166667	0.166667
2283	2291	2285	2286	0.166667	0.166667
2302	2294	2163	2162	0.166667	0.166667
2301	2295	2298	2300	0.166667	0.166667
2302	2296	2304	2304	0.125	0.125
2301	2296	2304	2304	0.125	0.125
2301	2298	2296	2295	0.166667	0.166667
2439	2299	2431	2433	0.166667	0.166667
2301	2300	2440	2440	0.125	0.125
2439	2300	2440	2440	0.125	0.125
2306	2303	2168	2167	0.166667	0.166667
2443	2304	2440	2442	0.166667	0.166667
2306	2305	2444	2444	0.125	0.125
2443	2305	2444	2444	0.125	0.125
2349	2350	2211	2211	0.125	0.125
2349	2352	2487	2487	0.125	0.125
2351	2354	2215	2215	0.125	0.125
2351	2356	2353	2353	0.125	0.125
2370	2359	2234	2234	0.125	0.125
2370	2361	2372	2372	0.125	0.125
2353	2362	2351	2351	0.125	0.125
2353	2364	2489	2489	0.125	0.125
2372	2367	2370	2370	0.125	0.125
2372	2369	2508	2508	0.125	0.125
2374	2371	2236	2236	0.125	0.125
2374	2373	2512	2512	0.125	0.125
2374	2375	2236	2236	0.125	0.125
2374	2377	2512	2512	0.125	0.125
2376	2379	2240	2240	0.125	0.125
2376	2381	2378	2378	0.125	0.125
2395	2384	2259	2259	0.125	0.125
2395	2386	2397	2397	0.125	0.125
2378	2387	2376	2376	0.125	0.125
2378	2389	2514	2514	0.125	0.125
2397	2392	2395	2395	0.125	0.125
2397	2394	2533	2533	0.125	0.125
2399	2396	2261	2261	0.125	0.125
2399	2398	2537	2537	0.125	0.125
2281	2419	2280	2280	0.125	0.125
2418	2419	2280	2280	0.125	0.125
2281	2420	2284	2282	0.166667	0.166667
2418	2421	2556	2557	0.166667	0.166667
2420	2422	2419	2419	0.125	0.125
2421	2422	2419	2419	0.125	0.125
2420	2423	2428	2426	0.166667	0.166667
2421	2424	2563	2564	0.166667	0.166667
2284	2426	2281	2281	0.0833333	0.0833333
2420	2426	2281	2281	0.0833333	0.0833333
2284	2427	2287	2285	0.166667	0.166667
2420	2428	2422	2423	0.166667	0.166667
2439	2431	2300	2299	0.166667	0.166667
2438	2432	2435	2437	0.166667	0.166667
2439	2433	2441	2441	0.125	0.125
2438	2433	2441	2441	0.125	0.125
2438	2435	2433	2432	0.166667	0.166667
2576	2436	2568	2570	0.166667	0.166667
2438	2437	2577	2577	0.125	0.125
2576	2437	2577	2577	0.125	0.125
2443	2440	2305	2304	0.166667	0.166667
2580	2441	2577	2579	0.166667	0.166667
2443	2442	2581	2581	0.125	0.125
2580	2442	2581	2581	0.125	0.125
2487	2488	2349	2349	0.125	0.125
2487	2490	2625	2625	0.125	0.125
2489	2492	2353	2353	0.125	0.125
2489	2494	2491	2491	0.125	0.125
2508	2497	2372	2372	0.125	0.125
2508	2499	2510	2510	0.125	0.125
2491	2500	2489	2489	0.125	0.125
2491	2502	2627	2627	0.125	0.125
2510	2505	2508	2508	0.125	0.125
2510	2507	2646	2646	0.125	0.125
2512	2509	2374	2374	0.125	0.125
2512	2511	2650	2650	0.125	0.125
2512	2513	2374	2374	0.125	0.125
2512	2515	2650	2650	0.125	0.125
2514	2517	2378	2378	0.125	0.125
2514	2519	2516	2516	0.125	0.125
2533	2522	2397	2397	0.125	0.125
2533	2524	2535	2535	0.125	0.125
2516	2525	2514	2514	0.125	0.125
2516	2527	2652	2652	0.125	0.125
2535	2530	2533	2533	0.125	0.125
2535	2532	2671	2671	0.125	0.125
2537	2534	2399	2399	0.125	0.125
2537	2536	2675	2675	0.125	0.125
2418	2556	2417	2417	0.125	0.125
2555	2556	2417	2417	0.125	0.125
2418	2557	2421	2419	0.166667	0.166667
2555	2558	2693	2694	0.166667	0.166667
2557	2559	2556	2556	0.125	0.125
2558	2559	2556	2556	0.125	0.125
2557	2560	2565	2563	0.166667	0.166667
2558	2561	2700	2701	0.166667	0.166667
2421	2563	2418	2418	0.0833333	0.0833333
2557	2563	2418	2418	0.0833333	0.0833333
2421	2564	2424	2422	0.166667	0.166667
2557	2565	2559	2560	0.166667	0.166667
2576	2568	2437	2436	0.166667	0.166667
2575	2569	2572	2574	0.166667	0.166667
2576	2570	2578	2578	0.125	0.125
2575	2570	2578	2578	0.125	0.125
2575	2572	2570	2569	0.166667	0.166667
2713	2573	2705	2707	0.166667	0.166667
2575	2574	2714	2714	0.125	0.125
2713	2574	2714	2714	0.125	0.125
2580	2577	2442	2441	0.166667	0.166667
2717	2578	2714	2716	0.166667	0.166667
2580	2579	2718	2718	0.125	0.125
2717	2579	2718	2718	0.125	0.125
2625	2626	2487	2487	0.125	0.125
2625	2628	2763	2763	0.125	0.125
2627	2630	2491	2491	0.125	0.125
2627	2632	2629	2629	0.125	0.125
2646	2635	2510	2510	0.125	0.125
2646	2637	2648	2648	0.125	0.125
2629	2638	2627	2627	0.125	0.125
2629	2640	2765	2765	0.125	0.125
2648	2643	2646	2646	0.125	0.125
2648	2645	2784	2784	0.125	0.125
2650	2647	2512	2512	0.125	0.125
2650	2649	2788	2788	0.125	0.125
2650	2651	2512	2512	0.125	0.125
2650	2653	2788	2788	0.125	0.125
2652	2655	2516	2516	0.125	0.125
2652	2657	2654	2654	0.125	0.125
2671	2660	2535	2535	0.125	0.125
2671	2662	2673	2673	0.125	0.125
2654	2663	2652	2652	0.125	0.125
2654	2665	2790	2790	0.125	0.125
2673	2668	2671	2671	0.125	0.125
2673	2670	2809	2809	0.125	0.125
2675	2672	2537	2537	0.125	0.125
2675	2674	2813	2813	0.125	0.125
2555	2693	2554	2554	0.125	0.125
2692	2693	2554	2554	0.125	0.125
2555	2694	2558	2556	0.166667	0.166667
2692	2695	2830	2831	0.166667	0.166667
2694	2696	2693	2693	0.125	0.125
2695	2696	2693	2693	0.125	0.125
2694	2697	2702	2700	0.166667	0.166667
2695	2698	2837	2838	0.166667	0.166667
2558	2700	2555	2555	0.0833333	0.0833333
2694	2700	2555	2555	0.0833333	0.0833333
2558	2701	2561	2559	0.166667	0.166667
2694	2702	2696	2697	0.166667	0.166667
2713	2705	2574	2573	0.166667	0.166667
2712	2706	2709	2711	0.166667	0.166667
2713	2707	2715	2715	0.125	0.125
2712	2707	2715	2715	0.125	0.125
2712	2709	2707	2706	0.166667	0.166667
2850	2710	2842	2844	0.166667	0.166667
2712	2711	2851	2851	0.125	0.125
2850	2711	2851	2851	0.125	0.125
2717	2714	2579	2578	0.166667	0.166667
2854	2715	2851	2853	0.166667	0.166667
2717	2716	2855	2855	0.125	0.125
2854	2716	2855	2855	0.125	0.125
2763	2764	2625	2625	0.125	0.125
2763	2766	2901	2901	0.125	0.125
2765	2768	2629	2629	0.125	0.125
2765	2770	2767	2767	0.125	0.125
2784	2773	2648	2648	0.125	0.125
2784	2775	2786	2786	0.125	0.125
2767	2776	2765	2765	0.125	0.125
2767	2778	2903	2903	0.125	0.125
2786	2781	2784	2784	0.125	0.125
2786	2783	2922	2922	0.125	0.125
2788	2785	2650	2650	0.125	0.125
2788	2787	2926	2926	0.125	0.125
2788	2789	2650	2650	0.125	0.125
2788	2791	2926	2926	0.125	0.125
2790	2793	2654	2654	0.125	0.125
2790	2795	2792	2792	0.125	0.125
2809	2798	2673	2673	0.125	0.125
2809	2800	2811	2811	0.125	0.125
2792	2801	2790	2790	0.125	0.125
2792	2803	2928	2928	0.125	0.125
2811	2806	2809	2809	0.125	0.125
2811	2808	2947	2947	0.125	0.125
2813	2810	2675	2675	0.125	0.125
2813	2812	2951	2951	0.125	0.125
2692	2830	2691	2691	0.125	0.125
2829	2830	2691	2691	0.125	0.125
2692	2831	2695	2693	0.166667	0.166667
2829	2832	2967	2968	0.166667	0.166667
2831	2833	2830	2830	0.125	0.125
2832	2833	2830	2830	0.125	0.125
2831	2834	2839	2837	0.166667	0.166667
2832	2835	2974	2975	0.166667	0.166667
2695	2837	2692	2692	0.0833333	0.0833333
2831	2837	2692	2692	0.0833333	0.0833333
2695	2838	2698	2696	0.166667	0.166667
2831	2839	2833	2834	0.166667	0.166667
2850	2842	2711	2710	0.166667	0.166667
2849	2843	2846	2848	0.166667	0.166667
2850	2844	2852	2852	0.125	0.125
2849	2844	2852	2852	0.125	0.125
2849	2846	2844	2843	0.166667	0.166667
2987	2847	2979	2981	0.166667	0.166667
2849	2848	2988	2988	0.125	0.125
2987	2848	2988	2988	0.125	0.125
2854	2851	2716	2715	0.166667	0.166667
2991	2852	2988	2990	0.166667	0.166667
2854	2853	2992	2992	0.125	0.125
2991	2853	2992	2992	0.125	0.125
2901	2902	2763	2763	0.125	0.125
2901	2904	3039	3039	0.125	0.125
2903	2906	2767	2767	0.125	0.125
2903	2908	2905	2905	0.125	0.125
2922	2911	2786	2786	0.125	0.125
2922	2913	2924	2924	0.125	0.125
2905	2914	2903	2903	0.125	0.125
2905	2916	3041	3041	0.125	0.125
2924	2919	2922	2922	0.125	0.125
2924	2921	3060	3060	0.125	0.125
2926	2923	2788	2788	0.125	0.125
2926	2925	3064	3064	0.125	0.125
2926	2927	2788	2788	0.125	0.125
2926	2929	3064	3064	0.125	0.125
2928	2931	2792	2792	0.125	0.125
2928	2933	2930	2930	0.125	0.125
2947	2936	2811	2811	0.125	0.125
2947	2938	2949	2949	0.125	0.125
2930	2939	2928	2928	0.125	0.125
2930	2941	3066	3066	0.125	0.125
2949	2944	2947	2947	0.125	0.125
2949	2946	3085	3085	0.125	0.125
2951	2948	2813	2813	0.125	0.125
2951	2950	3089	3089	0.125	0.125
2829	2967	2828	2828	0.125	0.125
2966	2967	2828	2828	0.125	0.125
2829	2968	2832	2830	0.166667	0.166667
2966	2969	3104	3105	0.166667	0.166667
2968	2970	2967	2967	0.125	0.125
2969	2970	2967	2967	0.125	0.125
2968	2971	2976	2974	0.166667	0.166667
2969	2972	3108	3108	0.125	0.125
2832	2974	2829	2829	0.0833333	0.0833333
2968	2974	2829	2829	0.0833333	0.0833333
2832	2975	2835	2833	0.166667	0.166667
2968	2976	2970	2971	0.166667	0.166667
2987	2979	2848	2847	0.166667	0.166667
2986	2980	2983	2985	0.166667	0.166667
2987	2981	2989	2989	0.125	0.125
2986	2981	2989	2989	0.125	0.125
2986	2983	2981	2980	0.166667	0.166667
2986	2985	3125	3125	0.125	0.125
2991	2988	2853	2852	0.166667	0.166667
3128	2989	3125	3127	0.166667	0.166667
2991	2990	3129	3129	0.125	0.125
3128	2990	3129	3129	0.125	0.125
3039	3040	2901	2901	0.125	0.125
3039	3042	3177	3177	0.125	0.125
3041	3044	2905	2905	0.125	0.125
3041	3046	3043	3043	0.125	0.125
3060	3049	2924	2924	0.125	0.125
3060	3051	3062	3062	0.125	0.125
3043	3052	3041	3041	0.125	0.125
3043	3054	3179	3179	0.125	0.125
3062	3057	3060	3060	0.125	0.125
3062	3059	3198	3198	0.125	0.125
3064	3061	2926	2926	0.125	0.125
3064	3063	3202	3202	0.125	0.125
3064	3065	2926	2926	0.125	0.125
3203	3067	3202	3202	0.125	0.125
3064	3067	3202	3202	0.125	0.125
3203	3068	3206	3204	0.166667	0.166667
3066	3069	2930	2930	0.125	0.125
3066	3071	3068	3068	0.125	0.125
3085	3074	2949	2949	0.125	0.125
3085	3076	3087	3087	0.125	0.125
3068	3077	3066	3066	0.125	0.125
3204	3079	3203	3203	0.0833333	0.0833333
3068	3079	3203	3203	0.0833333	0.0833333
3204	3080	3205	3205	0.125	0.125
3087	3082	3085	3085	0.125	0.125
3205	3083	3204	3204	0.125	0.125
3087	3084	3208	3208	0.0833333	0.0833333
3205	3084	3208	3208	0.0833333	0.0833333
3089	3086	2951	2951	0.125	0.125
3208	3087	3205	3207	0.166667	0.166667
3089	3088	3209	3209	0.125	0.125
3208	3088	3209	3209	0.125	0.125
2966	3104	2965	2965	0.125	0.125
3103	3104	2965	2965	0.125	0.125
2966	3105	2969	2967	0.166667	0.166667
3103	3106	3223	3224	0.166667	0.166667
3108	3109	2969	2969	0.125	0.125
3108	3111	3113	3114	0.166667	0.166667
3108	3113	3105	3105	0.125	0.125
3107	3113	3105	3105	0.125	0.125
3108	3114	3111	3109	0.166667	0.166667
3107	3115	3228	3229	0.166667	0.166667
3126	3118	3124	3123	0.166667	0.166667
3244	3119	3241	3243	0.166667	0.166667
3126	3120	3247	3247	0.0833333	0.0833333
3244	3120	3247	3247	0.0833333	0.0833333
3128	3125	2990	2989	0.166667	0.166667
3247	3126	3244	3246	0.166667	0.166667
3128	3127	3248	3248	0.125	0.125
3247	3127	3248	3248	0.125	0.125
3125	3122	2986	2986	0.125	0.125
3126	3123	3118	3120	0.166667	0.166667
3125	3124	3127	3127	0.125	0.125
3126	3124	3127	3127	0.125	0.125
3177	3178	3039	3039	0.125	0.125
3177	3180	3297	3297	0.125	0.125
3179	3182	3043	3043	0.125	0.125
3179	3184	3181	3181	0.125	0.125
3198	3187	3062	3062	0.125	0.125
3198	3189	3200	3200	0.125	0.125
3181	3190	3179	3179	0.125	0.125
3181	3192	3299	3299	0.125	0.125
3200	3195	3198	3198	0.125	0.125
3200	3197	3318	3318	0.125	0.125
3202	3199	3064	3064	0.125	0.125
3202	3201	3322	3322	0.125	0.125
3203	3204	3068	3067	0.166667	0.166667
3208	3205	3088	3087	0.166667	0.166667
3324	3206	3323	3323	0.125	0.125
3203	3206	3323	3323	0.125	0.125
3208	3207	3325	3325	0.125	0.125
3324	3207	3325	3325	0.125	0.125
3103	3223	3102	3102	0.125	0.125
3222	3223	3102	3102	0.125	0.125
3103	3224	3106	3104	0.166667	0.166667
3222	3225	3339	3340	0.166667	0.166667
3107	3228	3106	3106	0.125	0.125
3227	3228	3106	3106	0.125	0.125
3107	3229	3115	3113	0.166667	0.166667
3227	3230	3232	3233	0.166667	0.166667
3227	3232	3224	3224	0.125	0.125
3226	3232	3224	3224	0.125	0.125
3227	3233	3230	3228	0.166667	0.166667
3226	3234	3344	3345	0.166667	0.166667
3245	3237	3243	3242	0.166667	0.166667
3360	3238	3357	3359	0.166667	0.166667
3245	3239	3363	3363	0.0833333	0.0833333
3360	3239	3363	3363	0.0833333	0.0833333
3247	3244	3127	3126	0.166667	0.166667
3363	3245	3360	3362	0.166667	0.166667
3247	3246	3364	3364	0.125	0.125
3363	3246	3364	3364	0.125	0.125
3244	3241	3120	3119	0.166667	0.166667
3245	3242	3237	3239	0.166667	0.166667
3244	3243	3246	3246	0.125	0.125
3245	3243	3246	3246	0.125	0.125
3297	3298	3177	3177	0.125	0.125
3297	3300	3414	3414	0.125	0.125
3299	3302	3181	3181	0.125	0.125
3299	3304	3301	3301	0.125	0.125
3318	3307	3200	3200	0.125	0.125
3318	3309	3320	3320	0.125	0.125
3301	3310	3299	3299	0.125	0.125
3301	3312	3416	3416	0.125	0.125
3320	3315	3318	3318	0.125	0.125
3320	3317	3435	3435	0.125	0.125
3322	3319	3202	3202	0.125	0.125
3322	3321	3439	3439	0.125	0.125
3222	3339	3221	3221	0.125	0.125
3338	3339	3221	3221	0.125	0.125
3222	3340	3225	3223	0.166667	0.166667
3338	3341	3455	3456	0.166667	0.166667
3226	3344	3225	3225	0.125	0.125
3343	3344	3225	3225	0.125	0.125
3226	3345	3234	3232	0.166667	0.166667
3343	3346	3348	3349	0.166667	0.166667
3343	3348	3340	3340	0.125	0.125
3342	3348	3340	3340	0.125	0.125
3343	3349	3346	3344	0.166667	0.166667
3342	3350	3460	3461	0.166667	0.166667
3361	3353	3359	3358	0.166667	0.166667
3476	3354	3473	3475	0.166667	0.166667
3361	3355	3479	3479	0.0833333	0.0833333
3476	3355	3479	3479	0.0833333	0.0833333
3363	3360	3246	3245	0.166667	0.166667
3479	3361	3476	3478	0.166667	0.166667
3363	3362	3480	3480	0.125	0.125
3479	3362	3480	3480	0.125	0.125
3360	3357	3239	3238	0.166667	0.166667
3361	3358	3353	3355	0.166667	0.166667
3360	3359	3362	3362	0.125	0.125
3361	3359	3362	3362	0.125	0.125
3414	3415	3297	3297	0.125	0.125
3414	3417	3531	3531	0.125	0.125
3416	3419	3301	3301	0.125	0.125
3416	3421	3418	3418	0.125	0.125
3435	3424	3320	3320	0.125	0.125
3435	3426	3437	3437	0.125	0.125
3418	3427	3416	3416	0.125	0.125
3418	3429	3533	3533	0.125	0.125
3437	3432	3435	3435	0.125	0.125
3437	3434	3552	3552	0.125	0.125
3439	3436	3322	3322	0.125	0.125
3439	3438	3556	3556	0.125	0.125
3338	3455	3337	3337	0.125	0.125
3454	3455	3337	3337	0.125	0.125
3338	3456	3341	3339	0.166667	0.166667
3454	3457	3571	3572	0.166667	0.166667
3342	3460	3341	3341	0.125	0.125
3459	3460	3341	3341	0.125	0.125
3342	3461	3350	3348	0.166667	0.166667
3459	3462	3464	3465	0.166667	0.166667
3459	3464	3456	3456	0.125	0.125
3458	3464	3456	3456	0.125	0.125
3459	3465	3462	3460	0.166667	0.166667
3458	3466	3576	3577	0.166667	0.166667
3477	3469	3475	3474	0.166667	0.166667
3592	3470	3589	3591	0.166667	0.166667
3477	3471	3595	3595	0.0833333	0.0833333
3592	3471	3595	3595	0.0833333	0.0833333
3479	3476	3362	3361	0.166667	0.166667
3595	3477	3592	3594	0.166667	0.166667
3479	3478	3596	3596	0.125	0.125
3595	3478	3596	3596	0.125	0.125
3476	3473	3355	3354	0.166667	0.166667
3477	3474	3469	3471	0.166667	0.166667
3476	3475	3478	3478	0.125	0.125
3477	3475	3478	3478	0.125	0.125
3531	3532	3414	3414	0.125	0.125
3531	3534	3648	3648	0.125	0.125
3533	3536	3418	3418	0.125	0.125
3533	3538	3535	3535	0.125	0.125
3552	3541	3437	3437	0.125	0.125
3552	3543	3554	3554	0.125	0.125
3535	3544	3533	3533	0.125	0.125
3535	3546	3650	3650	0.125	0.125
3554	3549	3552	3552	0.125	0.125
3554	3551	3669	3669	0.125	0.125
3556	3553	3439	3439	0.125	0.125
3556	3555	3673	3673	0.125	0.125
3454	3571	3453	3453	0.125	0.125
3570	3571	3453	3453	0.125	0.125
3454	3572	3457	3455	0.166667	0.166667
3570	3573	3687	3688	0.166667	0.166667
3458	3576	3457	3457	0.125	0.125
3575	3576	3457	3457	0.125	0.125
3458	3577	3466	3464	0.166667	0.166667
3575	3578	3580	3581	0.166667	0.166667
3575	3580	3572	3572	0.125	0.125
3574	3580	3572	3572	0.125	0.125
3575	3581	3578	3576	0.166667	0.166667
3574	3582	3692	3693	0.166667	0.166667
3593	3585	3591	3590	0.166667	0.166667
3708	3586	3705	3707	0.166667	0.166667
3593	3587	3711	3711	0.0833333	0.0833333
3708	3587	3711	3711	0.0833333	0.0833333
3595	3592	3478	3477	0.166667	0.166667
3711	3593	3708	3710	0.166667	0.166667
3595	3594	3712	3712	0.125	0.125
3711	3594	3712	3712	0.125	0.125
3592	3589	3471	3470	0.166667	0.166667
3593	3590	3585	3587	0.166667	0.166667
3592	3591	3594	3594	0.125	0.125
3593	3591	3594	3594	0.125	0.125
3648	3649	3531	3531	0.125	0.125
3648	3651	3765	3765	0.125	0.125
3650	3653	3535	3535	0.125	0.125
3650	3655	3652	3652	0.125	0.125
3669	3658	3554	3554	0.125	0.125
3669	3660	3671	3671	0.125	0.125
3652	3661	3650	3650	0.125	0.125
3652	3663	3767	3767	0.125	0.125
3671	3666	3669	3669	0.125	0.125
3671	3668	3786	3786	0.125	0.125
3673	3670	3556	3556	0.125	0.125
3673	3672	3790	3790	0.125	0.125
3570	3687	3569	3569	0.125	0.125
3686	3687	3569	3569	0.125	0.125
3570	3688	3573	3571	0.166667	0.166667
3686	3689	3803	3804	0.166667	0.166667
3574	3692	3573	3573	0.125	0.125
3691	3692	3573	3573	0.125	0.125
3574	3693	3582	3580	0.166667	0.166667
3691	3694	3696	3697	0.166667	0.166667
3691	3696	3688	3688	0.125	0.125
3690	3696	3688	3688	0.125	0.125
3691	3697	3694	3692	0.166667	0.166667
3690	3698	3808	3809	0.166667	0.166667
3709	3701	3707	3706	0.166667	0.166667
3824	3702	3821	3823	0.166667	0.166667
3709	3703	3827	3827	0.0833333	0.0833333
3824	3703	3827	3827	0.0833333	0.0833333
3711	3708	3594	3593	0.166667	0.166667
3827	3709	3824	3826	0.166667	0.166667
3711	3710	3828	3828	0.125	0.125
3827	3710	3828	3828	0.125	0.125
3708	3705	3587	3586	0.166667	0.166667
3709	3706	3701	3703	0.166667	0.166667
3708	3707	3710	3710	0.125	0.125
3709	3707	3710	3710	0.125	0.125
3765	3766	3648	3648	0.125	0.125
3765	3768	3882	3882	0.125	0.125
3767	3770	3652	3652	0.125	0.125
3767	3772	3769	3769	0.125	0.125
3786	3775	3671	3671	0.125	0.125
3786	3777	3788	3788	0.125	0.125
3769	3778	3767	3767	0.125	0.125
3769	3780	3884	3884	0.125	0.125
3788	3783	3786	3786	0.125	0.125
3788	3785	3903	3903	0.125	0.125
3790	3787	3673	3673	0.125	0.125
3790	3789	3907	3907	0.125	0.125
3686	3803	3685	3685	0.125	0.125
3802	3803	3685	3685	0.125	0.125
3686	3804	3689	3687	0.166667	0.166667
3802	3805	3919	3920	0.166667	0.166667
3690	3808	3689	3689	0.125	0.125
3807	3808	3689	3689	0.125	0.125
3690	3809	3698	3696	0.166667	0.166667
3807	3810	3812	3813	0.166667	0.166667
3807	3812	3804	3804	0.125	0.125
3806	3812	3804	3804	0.125	0.125
3807	3813	3810	3808	0.166667	0.166667
3806	3814	3924	3925	0.166667	0.166667
3825	3817	3823	3822	0.166667	0.166667
3940	3818	3937	3939	0.166667	0.166667
3825	3819	3943	3943	0.0833333	0.0833333
3940	3819	3943	3943	0.0833333	0.0833333
3827	3824	3710	3709	0.166667	0.166667
3943	3825	3940	3942	0.166667	0.166667
3827	3826	3944	3944	0.125	0.125
3943	3826	3944	3944	0.125	0.125
3824	3821	3703	3702	0.166667	0.166667
3825	3822	3817	3819	0.166667	0.166667
3824	3823	3826	3826	0.125	0.125
3825	3823	3826	3826	0.125	0.125
3882	3883	3765	3765	0.125	0.125
3882	3885	3999	3999	0.125	0.125
3884	3887	3769	3769	0.125	0.125
3884	3889	3886	3886	0.125	0.125
3903	3892	3788	3788	0.125	0.125
3903	3894	3905	3905	0.125	0.125
3886	3895	3884	3884	0.125	0.125
3886	3897	4001	4001	0.125	0.125
3905	3900	3903	3903	0.125	0.125
3905	3902	4020	4020	0.125	0.125
3907	3904	3790	3790	0.125	0.125
3907	3906	4024	4024	0.125	0.125
3802	3919	3801	3801	0.125	0.125
3918	3919	3801	3801	0.125	0.125
3802	3920	3805	3803	0.166667	0.166667
3918	3921	4035	4035	0.125	0.125
3806	3924	3805	3805	0.125	0.125
3923	3924	3805	3805	0.125	0.125
3806	3925	3814	3812	0.166667	0.166667
3923	3926	3928	3929	0.166667	0.166667
3923	3928	3920	3920	0.125	0.125
3922	3928	3920	3920	0.125	0.125
3923	3929	3926	3924	0.166667	0.166667
3922	3930	4037	4037	0.125	0.125
3941	3933	3939	3938	0.166667	0.166667
3941	3935	4056	4056	0.125	0.125
3943	3940	3826	3825	0.166667	0.166667
3943	3942	4060	4060	0.125	0.125
3940	3937	3819	3818	0.166667	0.166667
3941	3938	3933	3935	0.166667	0.166667
3940	3939	3942	3942	0.125	0.125
3941	3939	3942	3942	0.125	0.125
3999	4000	3882	3882	0.125	0.125
3999	4002	4116	4116	0.125	0.125
4001	4004	3886	3886	0.125	0.125
4001	4006	4003	4003	0.125	0.125
4020	4009	3905	3905	0.125	0.125
4020	4011	4022	4022	0.125	0.125
4003	4012	4001	4001	0.125	0.125
4003	4014	4118	4118	0.125	0.125
4022	4017	4020	4020	0.125	0.125
4022	4019	4137	4137	0.125	0.125
4024	4021	3907	3907	0.125	0.125
4024	4023	4141	4141	0.125	0.125
4035	4036	3918	3918	0.125	0.125
4035	4038	4152	4153	0.166667	0.166667
4037	4039	4036	4036	0.125	0.125
4038	4039	4036	4036	0.125	0.125
4037	4040	4045	4043	0.166667	0.166667
4038	4041	4159	4160	0.166667	0.166667
4037	4043	3922	3922	0.125	0.125
4037	4045	4039	4040	0.166667	0.166667
4056	4048	3941	3941	0.125	0.125
4055	4049	4052	4054	0.166667	0.166667
4056	4050	4058	4058	0.125	0.125
4055	4050	4058	4058	0.125	0.125
4055	4052	4050	4049	0.166667	0.166667
4172	4053	4164	4166	0.166667	0.166667
4055	4054	4173	4173	0.125	0.125
4172	4054	4173	4173	0.125	0.125
4060	4057	3943	3943	0.125	0.125
4176	4058	4173	4175	0.166667	0.166667
4060	4059	4177	4177	0.125	0.125
4176	4059	4177	4177	0.125	0.125
4116	4117	3999	3999	0.125	0.125
4116	4119	4233	4233	0.125	0.125
4118	4121	4003	4003	0.125	0.125
4118	4123	4120	4120	0.125	0.125
4137	4126	4022	4022	0.125	0.125
4137	4128	4139	4139	0.125	0.125
4120	4129	4118	4118	0.125	0.125
4120	4131	4235	4235	0.125	0.125
4139	4134	4137	4137	0.125	0.125
4139	4136	4254	4254	0.125	0.125
4141	4138	4024	4024	0.125	0.125
4141	4140	4258	4258	0.125	0.125
4035	4152	4034	4034	0.125	0.125
4151	4152	4034	4034	0.125	0.125
4035	4153	4038	4036	0.166667	0.166667
4151	4154	4268	4269	0.166667	0.166667
4153	4155	4152	4152	0.125	0.125
4154	4155	4152	4152	0.125	0.125
4153	4156	4161	4159	0.166667	0.166667
4154	4157	4275	4276	0.166667	0.166667
4038	4159	4035	4035	0.0833333	0.0833333
4153	4159	4035	4035	0.0833333	0.0833333
4038	4160	4041	4039	0.166667	0.166667
4153	4161	4155	4156	0.166667	0.166667
4172	4164	4054	4053	0.166667	0.166667
4171	4165	4168	4170	0.166667	0.166667
4172	4166	4174	4174	0.125	0.125
4171	4166	4174	4174	0.125	0.125
4171	4168	4166	4165	0.166667	0.166667
4288	4169	4280	4282	0.166667	0.166667
4171	4170	4289	4289	0.125	0.125
4288	4170	4289	4289	0.125	0.125
4176	4173	4059	4058	0.166667	0.166667
4292	4174	4289	4291	0.166667	0.166667
4176	4175	4293	4293	0.125	0.125
4292	4175	4293	4293	0.125	0.125
4233	4234	4116	4116	0.125	0.125
4233	4236	4350	4350	0.125	0.125
4235	4238	4120	4120	0.125	0.125
4235	4240	4237	4237	0.125	0.125
4254	4243	4139	4139	0.125	0.125
4254	4245	4256	4256	0.125	0.125
4237	4246	4235	4235	0.125	0.125
4237	4248	4352	4352	0.125	0.125
4256	4251	4254	4254	0.125	0.125
4256	4253	4371	4371	0.125	0.125
4258	4255	4141	4141	0.125	0.125
4258	4257	4375	4375	0.125	0.125
4151	4268	4150	4150	0.125	0.125
4267	4268	4150	4150	0.125	0.125
4151	4269	4154	4152	0.166667	0.166667
4267	4270	4384	4385	0.166667	0.166667
4269	4271	4268	4268	0.125	0.125
4270	4271	4268	4268	0.125	0.125
4269	4272	4277	4275	0.166667	0.166667
4270	4273	4391	4392	0.166667	0.166667
4154	4275	4151	4151	0.0833333	0.0833333
4269	4275	4151	4151	0.0833333	0.0833333
4154	4276	4157	4155	0.166667	0.166667
4269	4277	4271	4272	0.166667	0.166667
4288	4280	4170	4169	0.166667	0.166667
4287	4281	4284	4286	0.166667	0.166667
4288	4282	4290	4290	0.125	0.125
4287	4282	4290	4290	0.125	0.125
4287	4284	4282	4281	0.166667	0.166667
4404	4285	4396	4398	0.166667	0.166667
4287	4286	4405	4405	0.125	0.125
4404	4286	4405	4405	0.125	0.125
4292	4289	4175	4174	0.166667	0.166667
4408	4290	4405	4407	0.166667	0.166667
4292	4291	4409	4409	0.125	0.125
4408	4291	4409	4409	0.125	0.125
4350	4351	4233	4233	0.125	0.125
4350	4353	4467	4467	0.125	0.125
4352	4355	4237	4237	0.125	0.125
4352	4357	4354	4354	0.125	0.125
4371	4360	4256	4256	0.125	0.125
4371	4362	4373	4373	0.125	0.125
4354	4363	4352	4352	0.125	0.125
4354	4365	4469	4469	0.125	0.125
4373	4368	4371	4371	0.125	0.125
4373	4370	4488	4488	0.125	0.125
4375	4372	4258	4258	0.125	0.125
4375	4374	4492	4492	0.125	0.125
4267	4384	4266	4266	0.125	0.125
4383	4384	4266	4266	0.125	0.125
4267	4385	4270	4268	0.166667	0.166667
4383	4386	4500	4501	0.166667	0.166667
4385	4387	4384	4384	0.125	0.125
4386	4387	4384	4384	0.125	0.125
4385	4388	4393	4391	0.166667	0.166667
4386	4389	4507	4508	0.166667	0.166667
4270	4391	4267	4267	0.0833333	0.0833333
4385	4391	4267	4267	0.0833333	0.0833333
4270	4392	4273	4271	0.166667	0.166667
4385	4393	4387	4388	0.166667	0.166667
4404	4396	4286	4285	0.166667	0.166667
4403	4397	4400	4402	0.166667	0.166667
4404	4398	4406	4406	0.125	0.125
4403	4398	4406	4406	0.125	0.125
4403	4400	4398	4397	0.166667	0.166667
4520	4401	4512	4514	0.166667	0.166667
4403	4402	4521	4521	0.125	0.125
4520	4402	4521	4521	0.125	0.125
4408	4405	4291	4290	0.166667	0.166667
4524	4406	4521	4523	0.166667	0.166667
4408	4407	4525	4525	0.125	0.125
4524	4407	4525	4525	0.125	0.125
4467	4468	4350	4350	0.125	0.125
4467	4470	4584	4584	0.125	0.125
4469	4472	4354	4354	0.125	0.125
4469	4474	4471	4471	0.125	0.125
4488	4477	4373	4373	0.125	0.125
4488	4479	4490	4490	0.125	0.125
4471	4480	4469	4469	0.125	0.125
4471	4482	4586	4586	0.125	0.125
4490	4485	4488	4488	0.125	0.125
4490	4487	4605	4605	0.125	0.125
4492	4489	4375	4375	0.125	0.125
4492	4491	4609	4609	0.125	0.125
4383	4500	4382	4382	0.125	0.125
4499	4500	4382	4382	0.125	0.125
4383	4501	4386	4384	0.166667	0.166667
4499	4502	4616	4617	0.166667	0.166667
4501	4503	4500	4500	0.125	0.125
4502	4503	4500	4500	0.125	0.125
4501	4504	4509	4507	0.166667	0.166667
4502	4505	4623	4624	0.166667	0.166667
4386	4507	4383	4383	0.0833333	0.0833333
4501	4507	4383	4383	0.0833333	0.0833333
4386	4508	4389	4387	0.166667	0.166667
4501	4509	4503	4504	0.166667	0.166667
4520	4512	4402	4401	0.166667	0.166667
4519	4513	4516	4518	0.166667	0.166667
4520	4514	4522	4522	0.125	0.125
4519	4514	4522	4522	0.125	0.125
4519	4516	4514	4513	0.166667	0.166667
4636	4517	4628	4630	0.166667	0.166667
4519	4518	4637	4637	0.125	0.125
4636	4518	4637	4637	0.125	0.125
4524	4521	4407	4406	0.166667	0.166667
4640	4522	4637	4639	0.166667	0.166667
4524	4523	4641	4641	0.125	0.125
4640	4523	4641	4641	0.125	0.125
4584	4585	4467	4467	0.125	0.125
4584	4587	4701	4701	0.125	0.125
4586	4589	4471	4471	0.125	0.125
4586	4591	4588	4588	0.125	0.125
4605	4594	4490	4490	0.125	0.125
4605	4596	4607	4607	0.125	0.125
4588	4597	4586	4586	0.125	0.125
4588	4599	4703	4703	0.125	0.125
4607	4602	4605	4605	0.125	0.125
4607	4604	4722	4722	0.125	0.125
4609	4606	4492	4492	0.125	0.125
4609	4608	4726	4726	0.125	0.125
4499	4616	4498	4498	0.125	0.125
4615	4616	4498	4498	0.125	0.125
4499	4617	4502	4500	0.166667	0.166667
4615	4618	4732	4733	0.166667	0.166667
4617	4619	4616	4616	0.125	0.125
4618	4619	4616	4616	0.125	0.125
4617	4620	4625	4623	0.166667	0.166667
4618	4621	4739	4740	0.166667	0.166667
4502	4623	4499	4499	0.0833333	0.0833333
4617	4623	4499	4499	0.0833333	0.0833333
4502	4624	4505	4503	0.166667	0.166667
4617	4625	4619	4620	0.166667	0.166667
4636	4628	4518	4517	0.166667	0.166667
4635	4629	4632	4634	0.166667	0.166667
4636	4630	4638	4638	0.125	0.125
4635	4630	4638	4638	0.125	0.125
4635	4632	4630	4629	0.166667	0.166667
4752	4633	4744	4746	0.166667	0.166667
4635	4634	4753	4753	0.125	0.125
4752	4634	4753	4753	0.125	0.125
4640	4637	4523	4522	0.166667	0.166667
4756	4638	4753	4755	0.166667	0.166667
4640	4639	4757	4757	0.125	0.125
4756	4639	4757	4757	0.125	0.125
4701	4702	4584	4584	0.125	0.125
4701	4704	4818	4818	0.125	0.125
4703	4706	4588	4588	0.125	0.125
4703	4708	4705	4705	0.125	0.125
4722	4711	4607	4607	0.125	0.125
4722	4713	4724	4724	0.125	0.125
4705	4714	4703	4703	0.125	0.125
4705	4716	4820	4820	0.125	0.125
4724	4719	4722	4722	0.125	0.125
4724	4721	4839	4839	0.125	0.125
4726	4723	4609	4609	0.125	0.125
4726	4725	4843	4843	0.125	0.125
4615	4732	4614	4614	0.125	0.125
4731	4732	4614	4614	0.125	0.125
4615	4733	4618	4616	0.166667	0.166667
4731	4734	4848	4849	0.166667	0.166667
4733	4735	4732	4732	0.125	0.125
4734	4735	4732	4732	0.125	0.125
4733	4736	4741	4739	0.166667	0.166667
4734	4737	4855	4856	0.166667	0.166667
4618	4739	4615	4615	0.0833333	0.0833333
4733	4739	4615	4615	0.0833333	0.0833333
4618	4740	4621	4619	0.166667	0.166667
4733	4741	4735	4736	0.166667	0.166667
4752	4744	4634	4633	0.166667	0.166667
4751	4745	4748	4750	0.166667	0.166667
4752	4746	4754	4754	0.125	0.125
4751	4746	4754	4754	0.125	0.125
4751	4748	4746	4745	0.166667	0.166667
4868	4749	4860	4862	0.166667	0.166667
4751	4750	4869	4869	0.125	0.125
4868	4750	4869	4869	0.125	0.125
4756	4753	4639	4638	0.166667	0.166667
4872	4754	4869	4871	0.166667	0.166667
4756	4755	4873	4873	0.125	0.125
4872	4755	4873	4873	0.125	0.125
4818	4819	4701	4701	0.125	0.125
4818	4821	4935	4935	0.125	0.125
4820	4823	4705	4705	0.125	0.125
4820	4825	4822	4822	0.125	0.125
4839	4828	4724	4724	0.125	0.125
4839	4830	4841	4841	0.125	0.125
4822	4831	4820	4820	0.125	0.125
4822	4833	4937	4937	0.125	0.125
4841	4836	4839	4839	0.125	0.125
4841	4838	4956	4956	0.125	0.125
4843	4840	4726	4726	0.125	0.125
4843	4842	4960	4960	0.125	0.125
4731	4848	4730	4730	0.125	0.125
4847	4848	4730	4730	0.125	0.125
4731	4849	4734	4732	0.166667	0.166667
4847	4850	4964	4965	0.166667	0.166667
4849	4851	4848	4848	0.125	0.125
4850	4851	4848	4848	0.125	0.125
4849	4852	4857	4855	0.166667	0.166667
4850	4853	4968	4968	0.125	0.125
4734	4855	4731	4731	0.0833333	0.0833333
4849	4855	4731	4731	0.0833333	0.0833333
4734	4856	4737	4735	0.166667	0.166667
4849	4857	4851	4852	0.166667	0.166667
4868	4860	4750	4749	0.166667	0.166667
4867	4861	4864	4866	0.166667	0.166667
4868	4862	4870	4870	0.125	0.125
4867	4862	4870	4870	0.125	0.125
4867	4864	4862	4861	0.166667	0.166667
4867	4866	4985	4985	0.125	0.125
4872	4869	4755	4754	0.166667	0.166667
4988	4870	4985	4987	0.166667	0.166667
4872	4871	4989	4989	0.125	0.125
4988	4871	4989	4989	0.125	0.125
4935	4936	4818	4818	0.125	0.125
4935	4938	5052	5052	0.125	0.125
4937	4940	4822	4822	0.125	0.125
4937	4942	4939	4939	0.125	0.125
4956	4945	4841	4841	0.125	0.125
4956	4947	4958	4958	0.125	0.125
4939	4948	4937	4937	0.125	0.125
4939	4950	5054	5054	0.125	0.125
4958	4953	4956	4956	0.125	0.125
4958	4955	5073	5073	0.125	0.125
4960	4957	4843	4843	0.125	0.125
4960	4959	5077	5077	0.125	0.125
4847	4964	4846	4846	0.125	0.125
4963	4964	4846	4846	0.125	0.125
4847	4965	4850	4848	0.166667	0.166667
4963	4966	5080	5081	0.166667	0.166667
4968	4969	4850	4850	0.125	0.125
4968	4971	4973	4974	0.166667	0.166667
4968	4973	4965	4965	0.125	0.125
4967	4973	4965	4965	0.125	0.125
4968	4974	4971	4969	0.166667	0.166667
4967	4975	5085	5086	0.166667	0.166667
4986	4978	4984	4983	0.166667	0.166667
5101	4979	5098	5100	0.166667	0.166667
4986	4980	5104	5104	0.0833333	0.0833333
5101	4980	5104	5104	0.0833333	0.0833333
4988	4985	4871	4870	0.166667	0.166667
5104	4986	5101	5103	0.166667	0.166667
4988	4987	5105	5105	0.125	0.125
5104	4987	5105	5105	0.125	0.125
4985	4982	4867	4867	0.125	0.125
4986	4983	4978	4980	0.166667	0.166667
4985	4984	4987	4987	0.125	0.125
4986	4984	4987	4987	0.125	0.125
5052	5053	4935	4935	0.125	0.125
5052	5055	5193	5193	0.125	0.125
5054	5057	4939	4939	0.125	0.125
5054	5059	5056	5056	0.125	0.125
5073	5062	4958	4958	0.125	0.125
5073	5064	5075	5075	0.125	0.125
5056	5065	5054	5054	0.125	0.125
5056	5067	5195	5195	0.125	0.125
5075	5070	5073	5073	0.125	0.125
5075	5072	5214	5214	0.125	0.125
5077	5074	4960	4960	0.125	0.125
5077	5076	5218	5218	0.125	0.125
4963	5080	4962	4962	0.125	0.125
5079	5080	4962	4962	0.125	0.125
4963	5081	4966	4964	0.166667	0.166667
5079	5082	5220	5221	0.166667	0.166667
4967	5085	4966	4966	0.125	0.125
5084	5085	4966	4966	0.125	0.125
4967	5086	4975	4973	0.166667	0.166667
5084	5087	5089	5090	0.166667	0.166667
5084	5089	5081	5081	0.125	0.125
5083	5089	5081	5081	0.125	0.125
5084	5090	5087	5085	0.166667	0.166667
5083	5091	5225	5226	0.166667	0.166667
5102	5094	5100	5099	0.166667	0.166667
5241	5095	5238	5240	0.166667	0.166667
5102	5096	5244	5244	0.0833333	0.0833333
5241	5096	5244	5244	0.0833333	0.0833333
5104	5101	4987	4986	0.166667	0.166667
5244	5102	5241	5243	0.166667	0.166667
5104	5103	5245	5245	0.125	0.125
5244	5103	5245	5245	0.125	0.125
5101	5098	4980	4979	0.166667	0.166667
5102	5099	5094	5096	0.166667	0.166667
5101	5100	5103	5103	0.125	0.125
5102	5100	5103	5103	0.125	0.125
4991	5108	4990	4990	0.125	0.125
5107	5108	4990	4990	0.125	0.125
4991	5109	4992	4992	0.125	0.125
5107	5110	5248	5249	0.166667	0.166667
4992	5112	4991	4991	0.125	0.125
4992	5113	4993	4993	0.125	0.125
5112	5114	5109	5109	0.125	0.125
5111	5114	5109	5109	0.125	0.125
5112	5115	5113	5113	0.125	0.125
5111	5116	5259	5260	0.166667	0.166667
5113	5118	5112	5112	0.125	0.125
5113	5119	5122	5122	0.125	0.125
4993	5122	4992	4992	0.125	0.125
4993	5123	4994	4994	0.125	0.125
5122	5124	5113	5113	0.125	0.125
5122	5125	5123	5123	0.125	0.125
5123	5128	5122	5122	0.125	0.125
5123	5129	5132	5132	0.125	0.125
5134	5129	5132	5132	0.125	0.125
5134	5131	5423	5424	0.166667	0.166667
4994	5132	4993	4993	0.125	0.125
4994	5133	4995	4995	0.125	0.125
5136	5133	4995	4995	0.125	0.125
5136	5135	5454	5455	0.166667	0.166667
5193	5194	5052	5052	0.125	0.125
5193	5196	5514	5514	0.125	0.125
5195	5198	5056	5056	0.125	0.125
5195	5200	5197	5197	0.125	0.125
5214	5203	5075	5075	0.125	0.125
5214	5205	5216	5216	0.125	0.125
5197	5206	5195	5195	0.125	0.125
5197	5208	5516	5516	0.125	0.125
5216	5211	5214	5214	0.125	0.125
5216	5213	5535	5535	0.125	0.125
5218	5215	5077	5077	0.125	0.125
5218	5217	5539	5539	0.125	0.125
5079	5220	5078	5078	0.125	0.125
5219	5220	5078	5078	0.125	0.125
5079	5221	5082	5080	0.166667	0.166667
5219	5222	5540	5541	0.166667	0.166667
5083	5225	5082	5082	0.125	0.125
5224	5225	5082	5082	0.125	0.125
5083	5226	5091	5089	0.166667	0.166667
5224	5227	5229	5230	0.166667	0.166667
5224	5229	5221	5221	0.125	0.125
5223	5229	5221	5221	0.125	0.125
5224	5230	5227	5225	0.166667	0.166667
5223	5231	5545	5546	0.166667	0.166667
5242	5234	5240	5239	0.166667	0.166667
5561	5235	5558	5560	0.166667	0.166667
5242	5236	5564	5564	0.0833333	0.0833333
5561	5236	5564	5564	0.0833333	0.0833333
5244	5241	5103	5102	0.166667	0.166667
5564	5242	5561	5563	0.166667	0.166667
5244	5243	5565	5565	0.125	0.125
5564	5243	5565	5565	0.125	0.125
5241	5238	5096	5095	0.166667	0.166667
5242	5239	5234	5236	0.166667	0.166667
5241	5240	5243	5243	0.125	0.125
5242	5240	5243	5243	0.125	0.125
5107	5248	5106	5106	0.125	0.125
5247	5248	5106	5106	0.125	0.125
5107	5249	5110	5108	0.166667	0.166667
5247	5250	5568	5568	0.125	0.125
5249	5251	5248	5248	0.125	0.125
5250	5251	5248	5248	0.125	0.125
5249	5252	5257	5255	0.166667	0.166667
5250	5253	5569	5569	0.125	0.125
5110	5255	5107	5107	0.0833333	0.0833333
5249	5255	5107	5107	0.0833333	0.0833333
5110	5256	5111	5111	0.125	0.125
5249	5257	5251	5252	0.166667	0.166667
5111	5259	5110	5110	0.125	0.125
5111	5260	5116	5114	0.166667	0.166667
5259	5261	5256	5256	0.125	0.125
5258	5261	5256	5256	0.125	0.125
5259	5262	5260	5260	0.125	0.125
5258	5263	5270	5271	0.166667	0.166667
5260	5265	5259	5259	0.125	0.125
5260	5266	5300	5298	0.166667	0.166667
5258	5270	5257	5257	0.125	0.125
5269	5270	5257	5257	0.125	0.125
5258	5271	5263	5261	0.166667	0.166667
5269	5272	5274	5275	0.166667	0.166667
5269	5274	5252	5252	0.125	0.125
5254	5274	5252	5252	0.125	0.125
5269	5275	5272	5270	0.166667	0.166667
5254	5276	5571	5571	0.125	0.125
5116	5298	5111	5111	0.0833333	0.0833333
5260	5298	5111	5111	0.0833333	0.0833333
5116	5299	5117	5117	0.125	0.125
5260	5300	5265	5266	0.166667	0.166667
5117	5302	5116	5116	0.125	0.125
5117	5303	5120	5120	0.125	0.125
5120	5314	5117	5117	0.125	0.125
5120	5315	5121	5121	0.125	0.125
5121	5318	5120	5120	0.125	0.125
5121	5319	5126	5126	0.125	0.125
5126	5362	5121	5121	0.125	0.125
5126	5363	5127	5127	0.125	0.125
5127	5366	5126	5126	0.125	0.125
5127	5367	5130	5130	0.125	0.125
5130	5378	5127	5127	0.125	0.125
5130	5379	5131	5131	0.125	0.125
5382	5379	5131	5131	0.125	0.125
5382	5381	5387	5388	0.166667	0.166667
5382	5387	5379	5381	0.166667	0.166667
5382	5388	5423	5423	0.125	0.125
5134	5423	5129	5131	0.166667	0.166667
5134	5424	5135	5135	0.125	0.125
5430	5424	5135	5135	0.125	0.125
5430	5429	5447	5448	0.166667	0.166667
5423	5425	5382	5382	0.125	0.125
5423	5426	5424	5424	0.125	0.125
5429	5426	5424	5424	0.125	0.125
5429	5428	5435	5436	0.166667	0.166667
5429	5435	5426	5428	0.166667	0.166667
5429	5436	5430	5430	0.0833333	0.0833333
5447	5436	5430	5430	0.0833333	0.0833333
5447	5438	5449	5450	0.166667	0.166667
5430	5447	5424	5429	0.166667	0.166667
5430	5448	5454	5454	0.125	0.125
5456	5448	5454	5454	0.125	0.125
5456	5453	5838	5839	0.166667	0.166667
5447	5449	5436	5438	0.166667	0.166667
5447	5450	5448	5448	0.125	0.125
5453	5450	5448	5448	0.125	0.125
5453	5452	5797	5797	0.125	0.125
5136	5454	5133	5135	0.166667	0.166667
5136	5455	5137	5137	0.125	0.125
5458	5455	5137	5137	0.125	0.125
5458	5457	5848	5848	0.125	0.125
5514	5515	5193	5193	0.125	0.125
5514	5517	5904	5904	0.125	0.125
5516	5519	5197	5197	0.125	0.125
5516	5521	5518	5518	0.125	0.125
5535	5524	5216	5216	0.125	0.125
5535	5526	5537	5537	0.125	0.125
5518	5527	5516	5516	0.125	0.125
5518	5529	5906	5906	0.125	0.125
5537	5532	5535	5535	0.125	0.125
5537	5534	5925	5925	0.125	0.125
5539	5536	5218	5218	0.125	0.125
5539	5538	5929	5930	0.166667	0.166667
5219	5540	5218	5218	0.125	0.125
5539	5540	5218	5218	0.125	0.125
5219	5541	5222	5220	0.166667	0.166667
5539	5542	5929	5930	0.166667	0.166667
5223	5545	5222	5222	0.125	0.125
5544	5545	5222	5222	0.125	0.125
5223	5546	5231	5229	0.166667	0.166667
5544	5547	5549	5550	0.166667	0.166667
5544	5549	5541	5541	0.125	0.125
5543	5549	5541	5541	0.125	0.125
5544	5550	5547	5545	0.166667	0.166667
5543	5551	5934	5935	0.166667	0.166667
5562	5554	5560	5559	0.166667	0.166667
5950	5555	5947	5949	0.166667	0.166667
5562	5556	5953	5953	0.0833333	0.0833333
5950	5556	5953	5953	0.0833333	0.0833333
5564	5561	5243	5242	0.166667	0.166667
5953	5562	5950	5952	0.166667	0.166667
5564	5563	5954	5954	0.125	0.125
5953	5563	5954	5954	0.125	0.125
5561	5558	5236	5235	0.166667	0.166667
5562	5559	5554	5556	0.166667	0.166667
5561	5560	5563	5563	0.125	0.125
5562	5560	5563	5563	0.125	0.125
5568	5569	5247	5247	0.125	0.125
5568	5574	5958	5958	0.125	0.125
5569	5570	5250	5250	0.125	0.125
5569	5572	5574	5574	0.125	0.125
5574	5575	5569	5569	0.125	0.125
5574	5580	5959	5959	0.125	0.125
5573	5576	5572	5572	0.125	0.125
5575	5576	5572	5572	0.125	0.125
5573	5577	5595	5593	0.166667	0.166667
5575	5578	5580	5580	0.125	0.125
5580	5581	5575	5575	0.125	0.125
5580	5583	5960	5960	0.125	0.125
5571	5585	5254	5254	0.125	0.125
5571	5587	5573	5573	0.125	0.125
5573	5593	5571	5571	0.125	0.125
5573	5595	5576	5577	0.166667	0.166667
5797	5794	5453	5453	0.125	0.125
5797	5796	5802	5803	0.166667	0.166667
5797	5802	5794	5796	0.166667	0.166667
5797	5803	5838	5838	0.125	0.125
5840	5803	5838	5838	0.125	0.125
5840	5805	5843	5843	0.125	0.125
5843	5827	5840	5840	0.125	0.125
5843	5829	5845	5845	0.125	0.125
5845	5835	5843	5843	0.125	0.125
5845	5837	6234	6234	0.125	0.125
5848	5842	5458	5458	0.125	0.125
5848	5847	6244	6244	0.125	0.125
5456	5838	5448	5453	0.166667	0.166667
5456	5839	5457	5457	0.125	0.125
5842	5839	5457	5457	0.125	0.125
5842	5841	5847	5847	0.125	0.125
5847	5844	5842	5842	0.125	0.125
5847	5846	6238	6238	0.125	0.125
5904	5905	5514	5514	0.125	0.125
5904	5907	6300	6300	0.125	0.125
5906	5909	5518	5518	0.125	0.125
5906	5911	5908	5908	0.125	0.125
5925	5914	5537	5537	0.125	0.125
5925	5916	5927	5927	0.125	0.125
5908	5917	5906	5906	0.125	0.125
5908	5919	6302	6302	0.125	0.125
5927	5922	5925	5925	0.125	0.125
5927	5924	6321	6321	0.125	0.125
5539	5929	5536	5538	0.166667	0.166667
5539	5930	5542	5540	0.166667	0.166667
5543	5934	5542	5542	0.125	0.125
5933	5934	5542	5542	0.125	0.125
5543	5935	5551	5549	0.166667	0.166667
5933	5936	5938	5939	0.166667	0.166667
5933	5938	5930	5930	0.125	0.125
5932	5938	5930	5930	0.125	0.125
5933	5939	5936	5934	0.166667	0.166667
5932	5940	6326	6327	0.166667	0.166667
5951	5943	5949	5948	0.166667	0.166667
6342	5944	6339	6341	0.166667	0.166667
5951	5945	6345	6345	0.0833333	0.0833333
6342	5945	6345	6345	0.0833333	0.0833333
5953	5950	5563	5562	0.166667	0.166667
6345	5951	6342	6344	0.166667	0.166667
5953	5952	6346	6346	0.125	0.125
6345	5952	6346	6346	0.125	0.125
5950	5947	5556	5555	0.166667	0.166667
5951	5948	5943	5945	0.166667	0.166667
5950	5949	5952	5952	0.125	0.125
5951	5949	5952	5952	0.125	0.125
5958	5959	5568	5568	0.125	0.125
5958	5970	6351	6351	0.125	0.125
5959	5960	5574	5574	0.125	0.125
5959	5965	5970	5970	0.125	0.125
5960	5961	5580	5580	0.125	0.125
5960	5963	5965	5965	0.125	0.125
5965	5966	5960	5960	0.125	0.125
5965	5968	5971	5971	0.125	0.125
5970	5971	5959	5959	0.125	0.125
5970	5976	6352	6352	0.125	0.125
5971	5972	5965	5965	0.125	0.125
5977	5974	5976	5976	0.125	0.125
5971	5974	5976	5976	0.125	0.125
5977	5975	6020	6018	0.166667	0.166667
5977	6018	5975	5974	0.166667	0.166667
5977	6020	6354	6354	0.125	0.125
6234	6191	5845	5845	0.125	0.125
6234	6193	6236	6236	0.125	0.125
6236	6199	6234	6234	0.125	0.125
6236	6201	6239	6239	0.125	0.125
6239	6223	6236	6236	0.125	0.125
6239	6225	6241	6241	0.125	0.125
6241	6231	6239	6239	0.125	0.125
6553	6232	6550	6552	0.166667	0.166667
6241	6233	6576	6576	0.0833333	0.0833333
6553	6233	6576	6576	0.0833333	0.0833333
6244	6238	5848	5848	0.125	0.125
6244	6243	6580	6580	0.125	0.125
6238	6235	5847	5847	0.125	0.125
6238	6237	6243	6243	0.125	0.125
6243	6240	6238	6238	0.125	0.125
6576	6241	6553	6558	0.166667	0.166667
6243	6242	6577	6577	0.125	0.125
6576	6242	6577	6577	0.125	0.125
6300	6301	5904	5904	0.125	0.125
6300	6303	6636	6636	0.125	0.125
6302	6305	5908	5908	0.125	0.125
6302	6307	6304	6304	0.125	0.125
6321	6310	5927	5927	0.125	0.125
6321	6312	6323	6323	0.125	0.125
6304	6313	6302	6302	0.125	0.125
6304	6315	6638	6638	0.125	0.125
6323	6318	6321	6321	0.125	0.125
6323	6320	6657	6657	0.125	0.125
5932	6326	5931	5931	0.125	0.125
6325	6326	5931	5931	0.125	0.125
5932	6327	5940	5938	0.166667	0.166667
6325	6328	6330	6331	0.166667	0.166667
6325	6330	6322	6322	0.125	0.125
6324	6330	6322	6322	0.125	0.125
6325	6331	6328	6326	0.166667	0.166667
6324	6332	6658	6659	0.166667	0.166667
6343	6335	6341	6340	0.166667	0.166667
6674	6336	6671	6673	0.166667	0.166667
6343	6337	6677	6677	0.0833333	0.0833333
6674	6337	6677	6677	0.0833333	0.0833333
6345	6342	5952	5951	0.166667	0.166667
6677	6343	6674	6676	0.166667	0.166667
6345	6344	6678	6678	0.125	0.125
6677	6344	6678	6678	0.125	0.125
6342	6339	5945	5944	0.166667	0.166667
6343	6340	6335	6337	0.166667	0.166667
6342	6341	6344	6344	0.125	0.125
6343	6341	6344	6344	0.125	0.125
6351	6352	5958	5958	0.125	0.125
6685	6357	6684	6684	0.125	0.125
6351	6357	6684	6684	0.125	0.125
6685	6358	6691	6686	0.166667	0.166667
6352	6353	5970	5970	0.125	0.125
6358	6355	6357	6357	0.125	0.125
6352	6355	6357	6357	0.125	0.125
6358	6356	6390	6388	0.166667	0.166667
6354	6359	5977	5977	0.125	0.125
6367	6361	6356	6356	0.125	0.125
6354	6361	6356	6356	0.125	0.125
6367	6362	6370	6368	0.166667	0.166667
6367	6368	6362	6361	0.166667	0.166667
6389	6370	6388	6388	0.125	0.125
6367	6370	6388	6388	0.125	0.125
6389	6371	6394	6392	0.166667	0.166667
6358	6388	6356	6355	0.166667	0.166667
6686	6390	6685	6685	0.0833333	0.0833333
6358	6390	6685	6685	0.0833333	0.0833333
6686	6391	6689	6687	0.166667	0.166667
6389	6392	6371	6370	0.166667	0.166667
6400	6394	6391	6391	0.125	0.125
6389	6394	6391	6391	0.125	0.125
6400	6395	6403	6401	0.166667	0.166667
6400	6401	6395	6394	0.166667	0.166667
6688	6403	6687	6687	0.125	0.125
6400	6403	6687	6687	0.125	0.125
6688	6404	6693	6693	0.125	0.125
6693	6447	6688	6688	0.125	0.125
6693	6448	6696	6694	0.166667	0.166667
6722	6527	6717	6719	0.166667	0.166667
6722	6528	6723	6723	0.125	0.125
6723	6531	6722	6722	0.125	0.125
6723	6532	6728	6728	0.125	0.125
6576	6553	6242	6241	0.166667	0.166667
6576	6558	6578	6578	0.125	0.125
6553	6550	6233	6232	0.166667	0.166667
6553	6552	6558	6558	0.125	0.125
6558	6555	6553	6553	0.125	0.125
6572	6556	6564	6566	0.166667	0.166667
6558	6557	6573	6573	0.125	0.125
6572	6557	6573	6573	0.125	0.125
6572	6564	6557	6556	0.166667	0.166667
6571	6565	6568	6570	0.166667	0.166667
6572	6566	6574	6574	0.125	0.125
6571	6566	6574	6574	0.125	0.125
6571	6568	6566	6565	0.166667	0.166667
6728	6569	6723	6723	0.125	0.125
6571	6570	6729	6729	0.125	0.125
6728	6570	6729	6729	0.125	0.125
6578	6573	6576	6576	0.125	0.125
6732	6574	6729	6731	0.166667	0.166667
6578	6575	6735	6735	0.0833333	0.0833333
6732	6575	6735	6735	0.0833333	0.0833333
6580	6577	6244	6244	0.125	0.125
6735	6578	6732	6734	0.166667	0.166667
6580	6579	6736	6736	0.125	0.125
6735	6579	6736	6736	0.125	0.125
6636	6637	6300	6300	0.125	0.125
6636	6639	6792	6792	0.125	0.125
6638	6641	6304	6304	0.125	0.125
6638	6643	6640	6640	0.125	0.125
6657	6646	6323	6323	0.125	0.125
6657	6648	6662	6663	0.166667	0.166667
6640	6649	6638	6638	0.125	0.125
6640	6651	6794	6794	0.125	0.125
6324	6658	6323	6323	0.125	0.125
6657	6658	6323	6323	0.125	0.125
6324	6659	6332	6330	0.166667	0.166667
6657	6660	6662	6663	0.166667	0.166667
6657	6662	6646	6648	0.166667	0.166667
6657	6663	6660	6658	0.166667	0.166667
6675	6667	6673	6672	0.166667	0.166667
6817	6668	6814	6816	0.166667	0.166667
6675	6669	6820	6820	0.0833333	0.0833333
6817	6669	6820	6820	0.0833333	0.0833333
6677	6674	6344	6343	0.166667	0.166667
6820	6675	6817	6819	0.166667	0.166667
6677	6676	6821	6821	0.125	0.125
6820	6676	6821	6821	0.125	0.125
6674	6671	6337	6336	0.166667	0.166667
6675	6672	6667	6669	0.166667	0.166667
6674	6673	6676	6676	0.125	0.125
6675	6673	6676	6676	0.125	0.125
6685	6686	6358	6357	0.166667	0.166667
6830	6691	6829	6829	0.125	0.125
6685	6691	6829	6829	0.125	0.125
6830	6692	6831	6831	0.125	0.125
6686	6687	6391	6390	0.166667	0.166667
6692	6689	6691	6691	0.125	0.125
6686	6689	6691	6691	0.125	0.125
6692	6690	6710	6710	0.125	0.125
6831	6710	6830	6830	0.125	0.125
6831	6711	6832	6832	0.125	0.125
6710	6698	6692	6692	0.125	0.125
6710	6699	6711	6711	0.125	0.125
6693	6694	6448	6447	0.166667	0.166667
6699	6696	6698	6698	0.125	0.125
6693	6696	6698	6698	0.125	0.125
6699	6697	6708	6708	0.125	0.125
6711	6708	6710	6710	0.125	0.125
6711	6709	6726	6726	0.125	0.125
6708	6702	6699	6699	0.125	0.125
6708	6703	6709	6709	0.125	0.125
6709	6706	6708	6708	0.125	0.125
6709	6707	6720	6720	0.125	0.125
6832	6726	6831	6831	0.125	0.125
6832	6727	6833	6833	0.125	0.125
6726	6720	6711	6711	0.125	0.125
6726	6721	6727	6727	0.125	0.125
6720	6714	6709	6709	0.125	0.125
6720	6715	6721	6721	0.125	0.125
6722	6717	6528	6527	0.166667	0.166667
6721	6718	6720	6720	0.125	0.125
6722	6719	6724	6724	0.125	0.125
6721	6719	6724	6724	0.125	0.125
6727	6724	6726	6726	0.125	0.125
6727	6725	6733	6733	0.125	0.125
6735	6732	6579	6578	0.166667	0.166667
6833	6733	6832	6832	0.125	0.125
6735	6734	6834	6834	0.125	0.125
6833	6734	6834	6834	0.125	0.125
6732	6729	6575	6574	0.166667	0.166667
6733	6730	6727	6727	0.125	0.125
6732	6731	6734	6734	0.125	0.125
6733	6731	6734	6734	0.125	0.125
6792	6793	6636	6636	0.125	0.125
6792	6795	6891	6891	0.125	0.125
6794	6797	6640	6640	0.125	0.125
6794	6799	6796	6796	0.125	0.125
6796	6805	6794	6794	0.125	0.125
6796	6807	6893	6893	0.125	0.125
6818	6810	6816	6815	0.166667	0.166667
6818	6812	6912	6912	0.125	0.125
6820	6817	6676	6675	0.166667	0.166667
6820	6819	6916	6916	0.125	0.125
6817	6814	6669	6668	0.166667	0.166667
6818	6815	6810	6812	0.166667	0.166667
6817	6816	6819	6819	0.125	0.125
6818	6816	6819	6819	0.125	0.125
6891	6892	6792	6792	0.125	0.125
6891	6894	6987	6987	0.125	0.125
6893	6896	6796	6796	0.125	0.125
6893	6898	6895	6895	0.125	0.125
6912	6901	6818	6818	0.125	0.125
6912	6903	6914	6914	0.125	0.125
6895	6904	6893	6893	0.125	0.125
6895	6906	6989	6989	0.125	0.125
6914	6909	6912	6912	0.125	0.125
6914	6911	7008	7008	0.125	0.125
6916	6913	6820	6820	0.125	0.125
6916	6915	7012	7012	0.125	0.125
6987	6988	6891	6891	0.125	0.125
6987	6990	7083	7083	0.125	0.125
6989	6992	6895	6895	0.125	0.125
6989	6994	6991	6991	0.125	0.125
7008	6997	6914	6914	0.125	0.125
7008	6999	7010	7010	0.125	0.125
6991	7000	6989	6989	0.125	0.125
6991	7002	7085	7085	0.125	0.125
7010	7005	7008	7008	0.125	0.125
7010	7007	7104	7104	0.125	0.125
7012	7009	6916	6916	0.125	0.125
7012	7011	7108	7108	0.125	0.125
7083	7084	6987	6987	0.125	0.125
7083	7086	7179	7179	0.125	0.125
7085	7088	6991	6991	0.125	0.125
7085	7090	7087	7087	0.125	0.125
7104	7093	7010	7010	0.125	0.125
7104	7095	7106	7106	0.125	0.125
7087	7096	7085	7085	0.125	0.125
7087	7098	7181	7181	0.125	0.125
7106	7101	7104	7104	0.125	0.125
7106	7103	7200	7200	0.125	0.125
7108	7105	7012	7012	0.125	0.125
7108	7107	7204	7204	0.125	0.125
7179	7180	7083	7083	0.125	0.125
7179	7182	7275	7275	0.125	0.125
7181	7184	7087	7087	0.125	0.125
7181	7186	7183	7183	0.125	0.125
7200	7189	7106	7106	0.125	0.125
7200	7191	7202	7202	0.125	0.125
7183	7192	7181	7181	0.125	0.125
7183	7194	7277	7277	0.125	0.125
7202	7197	7200	7200	0.125	0.125
7202	7199	7296	7296	0.125	0.125
7204	7201	7108	7108	0.125	0.125
7204	7203	7300	7300	0.125	0.125
7275	7276	7179	7179	0.125	0.125
7275	7278	7371	7371	0.125	0.125
7277	7280	7183	7183	0.125	0.125
7277	7282	7279	7279	0.125	0.125
7296	7285	7202	7202	0.125	0.125
7296	7287	7298	7298	0.125	0.125
7279	7288	7277	7277	0.125	0.125
7279	7290	7373	7373	0.125	0.125
7298	7293	7296	7296	0.125	0.125
7298	7295	7392	7392	0.125	0.125
7300	7297	7204	7204	0.125	0.125
7300	7299	7396	7396	0.125	0.125
7371	7372	7275	7275	0.125	0.125
7371	7374	7467	7467	0.125	0.125
7373	7376	7279	7279	0.125	0.125
7373	7378	7375	7375	0.125	0.125
7392	7381	7298	7298	0.125	0.125
7392	7383	7394	7394	0.125	0.125
7375	7384	7373	7373	0.125	0.125
7375	7386	7469	7469	0.125	0.125
7394	7389	7392	7392	0.125	0.125
7394	7391	7488	7488	0.125	0.125
7396	7393	7300	7300	0.125	0.125
7396	7395	7492	7492	0.125	0.125
7467	7468	7371	7371	0.125	0.125
7467	7470	7563	7563	0.125	0.125
7469	7472	7375	7375	0.125	0.125
7469	7474	7471	7471	0.125	0.125
7488	7477	7394	7394	0.125	0.125
7488	7479	7490	7490	0.125	0.125
7471	7480	7469	7469	0.125	0.125
7471	7482	7565	7565	0.125	0.125
7490	7485	7488	7488	0.125	0.125
7490	7487	7584	7584	0.125	0.125
7492	7489	7396	7396	0.125	0.125
7492	7491	7588	7588	0.125	0.125
7563	7564	7467	7467	0.125	0.125
7563	7566	7659	7659	0.125	0.125
7565	7568	7471	7471	0.125	0.125
7565	7570	7567	7567	0.125	0.125
7584	7573	7490	7490	0.125	0.125
7584	7575	7586	7586	0.125	0.125
7567	7576	7565	7565	0.125	0.125
7567	7578	7661	7661	0.125	0.125
7586	7581	7584	7584	0.125	0.125
7586	7583	7680	7680	0.125	0.125
7588	7585	7492	7492	0.125	0.125
7588	7587	7684	7684	0.125	0.125
7659	7660	7563	7563	0.125	0.125
7659	7662	7755	7755	0.125	0.125
7661	7664	7567	7567	0.125	0.125
7661	7666	7663	7663	0.125	0.125
7680	7669	7586	7586	0.125	0.125
7680	7671	7682	7682	0.125	0.125
7663	7672	7661	7661	0.125	0.125
7663	7674	7757	7757	0.125	0.125
7682	7677	7680	7680	0.125	0.125
7682	7679	7776	7776	0.125	0.125
7684	7681	7588	7588	0.125	0.125
7684	7683	7780	7780	0.125	0.125
7755	7756	7659	7659	0.125	0.125
7755	7758	7851	7851	0.125	0.125
7757	7760	7663	7663	0.125	0.125
7757	7762	7759	7759	0.125	0.125
7776	7765	7682	7682	0.125	0.125
7776	7767	7778	7778	0.125	0.125
7759	7768	7757	7757	0.125	0.125
7759	7770	7853	7853	0.125	0.125
7778	7773	7776	7776	0.125	0.125
7778	7775	7872	7872	0.125	0.125
7780	7777	7684	7684	0.125	0.125
7780	7779	7876	7876	0.125	0.125
7851	7852	7755	7755	0.125	0.125
7851	7854	7947	7947	0.125	0.125
7853	7856	7759	7759	0.125	0.125
7853	7858	7855	7855	0.125	0.125
7872	7861	7778	7778	0.125	0.125
7872	7863	7874	7874	0.125	0.125
7855	7864	7853	7853	0.125	0.125
7855	7866	7949	7949	0.125	0.125
7874	7869	7872	7872	0.125	0.125
7874	7871	7968	7968	0.125	0.125
7876	7873	7780	7780	0.125	0.125
7876	7875	7972	7972	0.125	0.125
7947	7948	7851	7851	0.125	0.125
7947	7950	8043	8043	0.125	0.125
7949	7952	7855	7855	0.125	0.125
7949	7954	7951	7951	0.125	0.125
7968	7957	7874	7874	0.125	0.125
7968	7959	7970	7970	0.125	0.125
7951	7960	7949	7949	0.125	0.125
7951	7962	8045	8045	0.125	0.125
7970	7965	7968	7968	0.125	0.125
7970	7967	8064	8064	0.125	0.125
7972	7969	7876	7876	0.125	0.125
7972	7971	8068	8068	0.125	0.125
8043	8044	7947	7947	0.125	0.125
8043	8046	8139	8139	0.125	0.125
8045	8048	7951	7951	0.125	0.125
8045	8050	8047	8047	0.125	0.125
8064	8053	7970	7970	0.125	0.125
8064	8055	8066	8066	0.125	0.125
8047	8056	8045	8045	0.125	0.125
8047	8058	8141	8141	0.125	0.125
8066	8061	8064	8064	0.125	0.125
8066	8063	8160	8160	0.125	0.125
8068	8065	7972	7972	0.125	0.125
8068	8067	8164	8164	0.125	0.125
8139	8140	8043	8043	0.125	0.125
8139	8142	8235	8235	0.125	0.125
8141	8144	8047	8047	0.125	0.125
8141	8146	8143	8143	0.125	0.125
8160	8149	8066	8066	0.125	0.125
8160	8151	8162	8162	0.125	0.125
8143	8152	8141	8141	0.125	0.125
8143	8154	8237	8237	0.125	0.125
8162	8157	8160	8160	0.125	0.125
8162	8159	8256	8256	0.125	0.125
8164	8161	8068	8068	0.125	0.125
8164	8163	8260	8260	0.125	0.125
8235	8236	8139	8139	0.125	0.125
8235	8238	8331	8331	0.125	0.125
8237	8240	8143	8143	0.125	0.125
8237	8242	8239	8239	0.125	0.125
8256	8245	8162	8162	0.125	0.125
8256	8247	8258	8258	0.125	0.125
8239	8248	8237	8237	0.125	0.125
8239	8250	8333	8333	0.125	0.125
8258	8253	8256	8256	0.125	0.125
8258	8255	8352	8352	0.125	0.125
8260	8257	8164	8164	0.125	0.125
8260	8259	8356	8356	0.125	0.125
8331	8332	8235	8235	0.125	0.125
8331	8334	8427	8427	0.125	0.125
8333	8336	8239	8239	0.125	0.125
8333	8338	8335	8335	0.125	0.125
8352	8341	8258	8258	0.125	0.125
8352	8343	8354	8354	0.125	0.125
8335	8344	8333	8333	0.125	0.125
8335	8346	8429	8429	0.125	0.125
8354	8349	8352	8352	0.125	0.125
8354	8351	8448	8448	0.125	0.125
8356	8353	8260	8260	0.125	0.125
8356	8355	8452	8452	0.125	0.125
8427	8428	8331	8331	0.125	0.125
8427	8430	8523	8523	0.125	0.125
8429	8432	8335	8335	0.125	0.125
8429	8434	8431	8431	0.125	0.125
8448	8437	8354	8354	0.125	0.125
8448	8439	8450	8450	0.125	0.125
8431	8440	8429	8429	0.125	0.125
8431	8442	8525	8525	0.125	0.125
8450	8445	8448	8448	0.125	0.125
8450	8447	8544	8544	0.125	0.125
8452	8449	8356	8356	0.125	0.125
8452	8451	8548	8548	0.125	0.125
8523	8524	8427	8427	0.125	0.125
8523	8526	8619	8619	0.125	0.125
8525	8528	8431	8431	0.125	0.125
8525	8530	8527	8527	0.125	0.125
8544	8533	8450	8450	0.125	0.125
8544	8535	8546	8546	0.125	0.125
8527	8536	8525	8525	0.125	0.125
8527	8538	8621	8621	0.125	0.125
8546	8541	8544	8544	0.125	0.125
8546	8543	8640	8640	0.125	0.125
8548	8545	8452	8452	0.125	0.125
8548	8547	8644	8644	0.125	0.125
8619	8620	8523	8523	0.125	0.125
8619	8622	8724	8724	0.125	0.125
8621	8624	8527	8527	0.125	0.125
8621	8626	8623	8623	0.125	0.125
8640	8629	8546	8546	0.125	0.125
8640	8631	8642	8642	0.125	0.125
8623	8632	8621	8621	0.125	0.125
8623	8634	8726	8726	0.125	0.125
8642	8637	8640	8640	0.125	0.125
8642	8639	8745	8745	0.125	0.125
8644	8641	8548	8548	0.125	0.125
8644	8643	8749	8749	0.125	0.125
8607	8703	8606	8606	0.125	0.125
8702	8703	8606	8606	0.125	0.125
8607	8704	8608	8608	0.125	0.125
8702	8705	8807	8808	0.166667	0.166667
8608	8707	8607	8607	0.125	0.125
8608	8708	8609	8609	0.125	0.125
8609	8711	8608	8608	0.125	0.125
8609	8712	8610	8610	0.125	0.125
8715	8712	8610	8610	0.125	0.125
8715	8714	8901	8902	0.166667	0.166667
8724	8725	8619	8619	0.125	0.125
8724	8727	8913	8913	0.125	0.125
8726	8729	8623	8623	0.125	0.125
8726	8731	8728	8728	0.125	0.125
8745	8734	8642	8642	0.125	0.125
8745	8736	8747	8747	0.125	0.125
8728	8737	8726	8726	0.125	0.125
8728	8739	8915	8915	0.125	0.125
8747	8742	8745	8745	0.125	0.125
8747	8744	8934	8934	0.125	0.125
8749	8746	8644	8644	0.125	0.125
8749	8748	8938	8938	0.125	0.125
8702	8807	8701	8701	0.125	0.125
8806	8807	8701	8701	0.125	0.125
8702	8808	8705	8703	0.166667	0.166667
8806	8809	8995	8996	0.166667	0.166667
8706	8812	8705	8705	0.125	0.125
8811	8812	8705	8705	0.125	0.125
8706	8813	8709	8709	0.125	0.125
8811	8814	8816	8817	0.166667	0.166667
8811	8816	8808	8808	0.125	0.125
8810	8816	8808	8808	0.125	0.125
8811	8817	8814	8812	0.166667	0.166667
8810	8818	9000	9001	0.166667	0.166667
8817	8819	8816	8816	0.125	0.125
8818	8819	8816	8816	0.125	0.125
8817	8820	8823	8823	0.125	0.125
8818	8821	9027	9028	0.166667	0.166667
8815	8824	8814	8814	0.125	0.125
8823	8824	8814	8814	0.125	0.125
8815	8825	8838	8838	0.125	0.125
8823	8826	8828	8829	0.166667	0.166667
8823	8828	8817	8817	0.125	0.125
8823	8829	8826	8824	0.166667	0.166667
8709	8836	8706	8706	0.125	0.125
8709	8837	8710	8710	0.125	0.125
8710	8840	8709	8709	0.125	0.125
8710	8841	8713	8713	0.125	0.125
8838	8844	8815	8815	0.125	0.125
8838	8845	8839	8839	0.125	0.125
8839	8848	8838	8838	0.125	0.125
8839	8849	8842	8842	0.125	0.125
8842	8860	8839	8839	0.125	0.125
8842	8861	8843	8843	0.125	0.125
8843	8864	8842	8842	0.125	0.125
8843	8865	8878	8878	0.125	0.125
8713	8876	8710	8710	0.125	0.125
8713	8877	8714	8714	0.125	0.125
8880	8877	8714	8714	0.125	0.125
8880	8879	8894	8895	0.166667	0.166667
8878	8881	8843	8843	0.125	0.125
8878	8882	8879	8879	0.125	0.125
8885	8882	8879	8879	0.125	0.125
8885	8884	8890	8891	0.166667	0.166667
8885	8890	8882	8884	0.166667	0.166667
8885	8891	8894	8894	0.125	0.125
8880	8894	8877	8879	0.166667	0.166667
8880	8895	8901	8901	0.125	0.125
8903	8895	8901	8901	0.125	0.125
8903	8900	9219	9220	0.166667	0.166667
8894	8896	8885	8885	0.125	0.125
8894	8897	8895	8895	0.125	0.125
8900	8897	8895	8895	0.125	0.125
8900	8899	9175	9176	0.166667	0.166667
8715	8901	8712	8714	0.166667	0.166667
8715	8902	8716	8716	0.125	0.125
8905	8902	8716	8716	0.125	0.125
8905	8904	9244	9245	0.166667	0.166667
8913	8914	8724	8724	0.125	0.125
8913	8916	9255	9255	0.125	0.125
8915	8918	8728	8728	0.125	0.125
8915	8920	8917	8917	0.125	0.125
8934	8923	8747	8747	0.125	0.125
8934	8925	8936	8936	0.125	0.125
8917	8926	8915	8915	0.125	0.125
8917	8928	9257	9257	0.125	0.125
8936	8931	8934	8934	0.125	0.125
8936	8933	9276	9276	0.125	0.125
8938	8935	8749	8749	0.125	0.125
8938	8937	9280	9280	0.125	0.125
8806	8995	8805	8805	0.125	0.125
8994	8995	8805	8805	0.125	0.125
8806	8996	8809	8807	0.166667	0.166667
8994	8997	9336	9336	0.125	0.125
8810	9000	8809	8809	0.125	0.125
8999	9000	8809	8809	0.125	0.125
8810	9001	8818	8816	0.166667	0.166667
8999	9002	9007	9008	0.166667	0.166667
9001	9003	9000	9000	0.125	0.125
9002	9003	9000	9000	0.125	0.125
9001	9004	9029	9027	0.166667	0.166667
9002	9005	9011	9012	0.166667	0.166667
8999	9007	8996	8996	0.125	0.125
8998	9007	8996	8996	0.125	0.125
8999	9008	9002	9000	0.166667	0.166667
8998	9009	9338	9338	0.125	0.125
9002	9011	8999	8999	0.0833333	0.0833333
9008	9011	8999	8999	0.0833333	0.0833333
9002	9012	9005	9003	0.166667	0.166667
9008	9013	9010	9010	0.125	0.125
9010	9019	9008	9008	0.125	0.125
9010	9021	9342	9343	0.166667	0.166667
8818	9027	8810	8810	0.0833333	0.0833333
9001	9027	8810	8810	0.0833333	0.0833333
8818	9028	8821	8819	0.166667	0.166667
9001	9029	9003	9004	0.166667	0.166667
8900	9175	8897	8899	0.166667	0.166667
8900	9176	8903	8903	0.0833333	0.0833333
9219	9176	8903	8903	0.0833333	0.0833333
9219	9178	9221	9222	0.166667	0.166667
8903	9219	8895	8900	0.166667	0.166667
8903	9220	8904	8904	0.125	0.125
9226	9220	8904	8904	0.125	0.125
9226	9225	9240	9241	0.166667	0.166667
9219	9221	9176	9178	0.166667	0.166667
9219	9222	9220	9220	0.125	0.125
9225	9222	9220	9220	0.125	0.125
9225	9224	9231	9231	0.125	0.125
9231	9228	9225	9225	0.125	0.125
9231	9230	9236	9237	0.166667	0.166667
9231	9236	9228	9230	0.166667	0.166667
9231	9237	9240	9240	0.125	0.125
9242	9237	9240	9240	0.125	0.125
9242	9239	9601	9601	0.125	0.125
9226	9240	9220	9225	0.166667	0.166667
9226	9241	9244	9244	0.125	0.125
9246	9241	9244	9244	0.125	0.125
9246	9243	9625	9625	0.125	0.125
8905	9244	8902	8904	0.166667	0.166667
8905	9245	8906	8906	0.125	0.125
9248	9245	8906	8906	0.125	0.125
9248	9247	9629	9629	0.125	0.125
9255	9256	8913	8913	0.125	0.125
9255	9258	9636	9636	0.125	0.125
9257	9260	8917	8917	0.125	0.125
9257	9262	9259	9259	0.125	0.125
9276	9265	8936	8936	0.125	0.125
9276	9267	9278	9278	0.125	0.125
9259	9268	9257	9257	0.125	0.125
9259	9270	9638	9638	0.125	0.125
9278	9273	9276	9276	0.125	0.125
9278	9275	9657	9657	0.125	0.125
9280	9277	8938	8938	0.125	0.125
9280	9279	9661	9661	0.125	0.125
9336	9337	8994	8994	0.125	0.125
9336	9339	9717	9717	0.125	0.125
9338	9341	8998	8998	0.125	0.125
9338	9346	9340	9340	0.125	0.125
9010	9342	9009	9009	0.125	0.125
9341	9342	9009	9009	0.125	0.125
9010	9343	9021	9019	0.166667	0.166667
9341	9344	9346	9346	0.125	0.125
9346	9347	9341	9341	0.125	0.125
9346	9349	9367	9367	0.125	0.125
9340	9367	9338	9338	0.125	0.125
9340	9372	9719	9719	0.125	0.125
9367	9368	9346	9346	0.125	0.125
9367	9370	9372	9372	0.125	0.125
9372	9373	9367	9367	0.125	0.125
9372	9375	9722	9722	0.125	0.125
9601	9590	9242	9242	0.125	0.125
9601	9592	9603	9603	0.125	0.125
9603	9598	9601	9601	0.125	0.125
9603	9600	9621	9621	0.125	0.125
9625	9602	9246	9246	0.125	0.125
9625	9604	9627	9627	0.125	0.125
9621	9610	9603	9603	0.125	0.125
9621	9612	9623	9623	0.125	0.125
9623	9618	9621	9621	0.125	0.125
9623	9620	9970	9970	0.125	0.125
9627	9622	9625	9625	0.125	0.125
9627	9624	9991	9991	0.125	0.125
9629	9626	9248	9248	0.125	0.125
9629	9628	9995	9995	0.125	0.125
9636	9637	9255	9255	0.125	0.125
9636	9639	10002	10002	0.125	0.125
9638	9641	9259	9259	0.125	0.125
9638	9643	9640	9640	0.125	0.125
9657	9646	9278	9278	0.125	0.125
9657	9648	9659	9659	0.125	0.125
9640	9649	9638	9638	0.125	0.125
9640	9651	10004	10004	0.125	0.125
9659	9654	9657	9657	0.125	0.125
9659	9656	10023	10023	0.125	0.125
9661	9658	9280	9280	0.125	0.125
9661	9660	10027	10027	0.125	0.125
9717	9718	9336	9336	0.125	0.125
10084	9720	10083	10083	0.125	0.125
9717	9720	10083	10083	0.125	0.125
10084	9721	10093	10085	0.166667	0.166667
9719	9722	9340	9340	0.125	0.125
9719	9727	9721	9721	0.125	0.125
9722	9723	9372	9372	0.125	0.125
9728	9725	9727	9727	0.125	0.125
9722	9725	9727	9727	0.125	0.125
9728	9726	9739	9737	0.166667	0.166667
9728	9737	9726	9725	0.166667	0.166667
9728	9739	9746	9746	0.125	0.125
9721	9745	9719	9719	0.125	0.125
10085	9747	10084	10084	0.0833333	0.0833333
9721	9747	10084	10084	0.0833333	0.0833333
10085	9748	10091	10086	0.166667	0.166667
9746	9749	9728	9728	0.125	0.125
9757	9751	9748	9748	0.125	0.125
9746	9751	9748	9748	0.125	0.125
9757	9752	9760	9758	0.166667	0.166667
9757	9758	9752	9751	0.166667	0.166667
9757	9760	10086	10086	0.125	0.125
9970	9959	9623	9623	0.125	0.125
9970	9961	9972	9972	0.125	0.125
9972	9967	9970	9970	0.125	0.125
9972	9969	9987	9987	0.125	0.125
9991	9971	9627	9627	0.125	0.125
9991	9973	9993	9993	0.125	0.125
9987	9979	9972	9972	0.125	0.125
9986	9980	9983	9985	0.166667	0.166667
9987	9981	9989	9989	0.125	0.125
9986	9981	9989	9989	0.125	0.125
9986	9983	9981	9980	0.166667	0.166667
10233	9984	10214	10216	0.166667	0.166667
9986	9985	10234	10234	0.125	0.125
10233	9985	10234	10234	0.125	0.125
9993	9988	9991	9991	0.125	0.125
10237	9989	10234	10236	0.166667	0.166667
9993	9990	10240	10240	0.0833333	0.0833333
10237	9990	10240	10240	0.0833333	0.0833333
9995	9992	9629	9629	0.125	0.125
10240	9993	10237	10239	0.166667	0.166667
9995	9994	10241	10241	0.125	0.125
10240	9994	10241	10241	0.125	0.125
10002	10003	9636	9636	0.125	0.125
10002	10005	10248	10248	0.125	0.125
10004	10007	9640	9640	0.125	0.125
10004	10009	10006	10006	0.125	0.125
10023	10012	9659	9659	0.125	0.125
10023	10014	10025	10025	0.125	0.125
10006	10015	10004	10004	0.125	0.125
10006	10017	10250	10250	0.125	0.125
10025	10020	10023	10023	0.125	0.125
10025	10022	10269	10269	0.125	0.125
10027	10024	9661	9661	0.125	0.125
10027	10026	10273	10273	0.125	0.125
10084	10085	9721	9720	0.166667	0.166667
10331	10093	10330	10330	0.125	0.125
10084	10093	10330	10330	0.125	0.125
10331	10094	10334	10332	0.166667	0.166667
10085	10086	9748	9747	0.166667	0.166667
10094	10091	10093	10093	0.125	0.125
10085	10091	10093	10093	0.125	0.125
10094	10092	10129	10127	0.166667	0.166667
10086	10087	9757	9757	0.125	0.125
10092	10089	10091	10091	0.125	0.125
10086	10089	10091	10091	0.125	0.125
10092	10090	10105	10103	0.166667	0.166667
10092	10103	10090	10089	0.166667	0.166667
10127	10105	10094	10094	0.0833333	0.0833333
10092	10105	10094	10094	0.0833333	0.0833333
10127	10106	10128	10128	0.125	0.125
10128	10109	10127	10127	0.125	0.125
10128	10110	10133	10131	0.166667	0.166667
10094	10127	10092	10091	0.166667	0.166667
10332	10129	10331	10331	0.0833333	0.0833333
10094	10129	10331	10331	0.0833333	0.0833333
10332	10130	10333	10333	0.125	0.125
10333	10139	10332	10332	0.125	0.125
10333	10140	10336	10336	0.125	0.125
10128	10131	10110	10109	0.166667	0.166667
10139	10133	10130	10130	0.125	0.125
10128	10133	10130	10130	0.125	0.125
10139	10134	10140	10140	0.125	0.125
10140	10137	10139	10139	0.125	0.125
10140	10138	10181	10181	0.125	0.125
10336	10181	10333	10333	0.125	0.125
10336	10182	10337	10337	0.125	0.125
10181	10175	10140	10140	0.125	0.125
10181	10176	10182	10182	0.125	0.125
10182	10179	10181	10181	0.125	0.125
10182	10180	10191	10191	0.125	0.125
10337	10191	10336	10336	0.125	0.125
10337	10192	10340	10340	0.125	0.125
10191	10185	10182	10182	0.125	0.125
10191	10186	10192	10192	0.125	0.125
10192	10189	10191	10191	0.125	0.125
10192	10190	10227	10227	0.125	0.125
10226	10207	10223	10225	0.166667	0.166667
10226	10208	10229	10229	0.125	0.125
10233	10214	9985	9984	0.166667	0.166667
10221	10215	10218	10220	0.166667	0.166667
10233	10216	10235	10235	0.125	0.125
10221	10216	10235	10235	0.125	0.125
10221	10218	10216	10215	0.166667	0.166667
10229	10219	10226	10226	0.125	0.125
10221	10220	10230	10230	0.125	0.125
10229	10220	10230	10230	0.125	0.125
10340	10227	10337	10337	0.125	0.125
10340	10228	10341	10341	0.125	0.125
10226	10223	10208	10207	0.166667	0.166667
10227	10224	10192	10192	0.125	0.125
10226	10225	10228	10228	0.125	0.125
10227	10225	10228	10228	0.125	0.125
10238	10230	10236	10235	0.166667	0.166667
10341	10231	10340	10340	0.125	0.125
10238	10232	10344	10344	0.0833333	0.0833333
10341	10232	10344	10344	0.0833333	0.0833333
10240	10237	9994	9993	0.166667	0.166667
10344	10238	10341	10343	0.166667	0.166667
10240	10239	10345	10345	0.125	0.125
10344	10239	10345	10345	0.125	0.125
10237	10234	9990	9989	0.166667	0.166667
10238	10235	10230	10232	0.166667	0.166667
10237	10236	10239	10239	0.125	0.125
10238	10236	10239	10239	0.125	0.125
10248	10249	10002	10002	0.125	0.125
10248	10251	10353	10353	0.125	0.125
10250	10253	10006	10006	0.125	0.125
10250	10255	10252	10252	0.125	0.125
10269	10258	10025	10025	0.125	0.125
10269	10260	10271	10271	0.125	0.125
10252	10261	10250	10250	0.125	0.125
10252	10263	10355	10355	0.125	0.125
10271	10266	10269	10269	0.125	0.125
10271	10268	10374	10374	0.125	0.125
10273	10270	10027	10027	0.125	0.125
10273	10272	10378	10378	0.125	0.125
10331	10332	10094	10093	0.166667	0.166667
10437	10334	10436	10436	0.125	0.125
10331	10334	10436	10436	0.125	0.125
10437	10335	10438	10438	0.125	0.125
10438	10338	10437	10437	0.125	0.125
10438	10339	10439	10439	0.125	0.125
10344	10341	10239	10238	0.166667	0.166667
10439	10342	10438	10438	0.125	0.125
10344	10343	10440	10440	0.125	0.125
10439	10343	10440	10440	0.125	0.125
10353	10354	10248	10248	0.125	0.125
10353	10356	10449	10449	0.125	0.125
10355	10358	10252	10252	0.125	0.125
10355	10360	10357	10357	0.125	0.125
10374	10363	10271	10271	0.125	0.125
10374	10365	10376	10376	0.125	0.125
10357	10366	10355	10355	0.125	0.125
10357	10368	10451	10451	0.125	0.125
10376	10371	10374	10374	0.125	0.125
10376	10373	10470	10470	0.125	0.125
10378	10375	10273	10273	0.125	0.125
10378	10377	10474	10474	0.125	0.125
10449	10450	10353	10353	0.125	0.125
10449	10452	10545	10545	0.125	0.125
10451	10454	10357	10357	0.125	0.125
10451	10456	10453	10453	0.125	0.125
10470	10459	10376	10376	0.125	0.125
10470	10461	10472	10472	0.125	0.125
10453	10462	10451	10451	0.125	0.125
10453	10464	10547	10547	0.125	0.125
10472	10467	10470	10470	0.125	0.125
10472	10469	10566	10566	0.125	0.125
10474	10471	10378	10378	0.125	0.125
10474	10473	10570	10570	0.125	0.125
10545	10546	10449	10449	0.125	0.125
10545	10548	10641	10641	0.125	0.125
10547	10550	10453	10453	0.125	0.125
10547	10552	10549	10549	0.125	0.125
10566	10555	10472	10472	0.125	0.125
10566	10557	10568	10568	0.125	0.125
10549	10558	10547	10547	0.125	0.125
10549	10560	10643	10643	0.125	0.125
10568	10563	10566	10566	0.125	0.125
10568	10565	10662	10662	0.125	0.125
10570	10567	10474	10474	0.125	0.125
10570	10569	10666	10666	0.125	0.125
10641	10642	10545	10545	0.125	0.125
10641	10644	10737	10737	0.125	0.125
10643	10646	10549	10549	0.125	0.125
10643	10648	10645	10645	0.125	0.125
10662	10651	10568	10568	0.125	0.125
10662	10653	10664	10664	0.125	0.125
10645	10654	10643	10643	0.125	0.125
10645	10656	10739	10739	0.125	0.125
10664	10659	10662	10662	0.125	0.125
10664	10661	10758	10758	0.125	0.125
10666	10663	10570	10570	0.125	0.125
10666	10665	10762	10762	0.125	0.125
10737	10738	10641	10641	0.125	0.125
10737	10740	10833	10833	0.125	0.125
10739	10742	10645	10645	0.125	0.125
10739	10744	10741	10741	0.125	0.125
10758	10747	10664	10664	0.125	0.125
10758	10749	10760	10760	0.125	0.125
10741	10750	10739	10739	0.125	0.125
10741	10752	10835	10835	0.125	0.125
10760	10755	10758	10758	0.125	0.125
10760	10757	10854	10854	0.125	0.125
10762	10759	10666	10666	0.125	0.125
10762	10761	10858	10858	0.125	0.125
10833	10834	10737	10737	0.125	0.125
10833	10836	10929	10929	0.125	0.125
10835	10838	10741	10741	0.125	0.125
10835	10840	10837	10837	0.125	0.125
10854	10843	10760	10760	0.125	0.125
10854	10845	10856	10856	0.125	0.125
10837	10846	10835	10835	0.125	0.125
10837	10848	10931	10931	0.125	0.125
10856	10851	10854	10854	0.125	0.125
10856	10853	10950	10950	0.125	0.125
10858	10855	10762	10762	0.125	0.125
10858	10857	10954	10954	0.125	0.125
10929	10930	10833	10833	0.125	0.125
10929	10932	11025	11025	0.125	0.125
10931	10934	10837	10837	0.125	0.125
10931	10936	10933	10933	0.125	0.125
10950	10939	10856	10856	0.125	0.125
10950	10941	10952	10952	0.125	0.125
10933	10942	10931	10931	0.125	0.125
10933	10944	11027	11027	0.125	0.125
10952	10947	10950	10950	0.125	0.125
10952	10949	11046	11046	0.125	0.125
10954	10951	10858	10858	0.125	0.125
10954	10953	11050	11050	0.125	0.125
11025	11026	10929	10929	0.125	0.125
11025	11028	11121	11121	0.125	0.125
11027	11030	10933	10933	0.125	0.125
11027	11032	11029	11029	0.125	0.125
11046	11035	10952	10952	0.125	0.125
11046	11037	11048	11048	0.125	0.125
11029	11038	11027	11027	0.125	0.125
11029	11040	11123	11123	0.125	0.125
11048	11043	11046	11046	0.125	0.125
11048	11045	11142	11142	0.125	0.125
11050	11047	10954	10954	0.125	0.125
11050	11049	11146	11146	0.125	0.125
11121	11122	11025	11025	0.125	0.125
11121	11124	11217	11217	0.125	0.125
11123	11126	11029	11029	0.125	0.125
11123	11128	11125	11125	0.125	0.125
11142	11131	11048	11048	0.125	0.125
11142	11133	11144	11144	0.125	0.125
11125	11134	11123	11123	0.125	0.125
11125	11136	11219	11219	0.125	0.125
11144	11139	11142	11142	0.125	0.125
11144	11141	11238	11238	0.125	0.125
11146	11143	11050	11050	0.125	0.125
11146	11145	11242	11242	0.125	0.125
11217	11218	11121	11121	0.125	0.125
11217	11220	11313	11313	0.125	0.125
11219	11222	11125	11125	0.125	0.125
11219	11224	11221	11221	0.125	0.125
11238	11227	11144	11144	0.125	0.125
11238	11229	11240	11240	0.125	0.125
11221	11230	11219	11219	0.125	0.125
11221	11232	11315	11315	0.125	0.125
11240	11235	11238	11238	0.125	0.125
11240	11237	11334	11334	0.125	0.125
11242	11239	11146	11146	0.125	0.125
11242	11241	11338	11338	0.125	0.125
11313	11314	11217	11217	0.125	0.125
11313	11316	11409	11409	0.125	0.125
11315	11318	11221	11221	0.125	0.125
11315	11320	11317	11317	0.125	0.125
11334	11323	11240	11240	0.125	0.125
11334	11325	11336	11336	0.125	0.125
11317	11326	11315	11315	0.125	0.125
11317	11328	11411	11411	0.125	0.125
11336	11331	11334	11334	0.125	0.125
11336	11333	11430	11430	0.125	0.125
11338	11335	11242	11242	0.125	0.125
11338	11337	11434	11434	0.125	0.125
11409	11410	11313	11313	0.125	0.125
11409	11412	11505	11505	0.125	0.125
11411	11414	11317	11317	0.125	0.125
11411	11416	11413	11413	0.125	0.125
11430	11419	11336	11336	0.125	0.125
11430	11421	11432	11432	0.125	0.125
11413	11422	11411	11411	0.125	0.125
11413	11424	11507	11507	0.125	0.125
11432	11427	11430	11430	0.125	0.125
11432	11429	11526	11526	0.125	0.125
11434	11431	11338	11338	0.125	0.125
11434	11433	11530	11530	0.125	0.125
11505	11506	11409	11409	0.125	0.125
11505	11508	11601	11601	0.125	0.125
11507	11510	11413	11413	0.125	0.125
11507	11512	11509	11509	0.125	0.125
11526	11515	11432	11432	0.125	0.125
11526	11517	11528	11528	0.125	0.125
11509	11518	11507	11507	0.125	0.125
11509	11520	11603	11603	0.125	0.125
11528	11523	11526	11526	0.125	0.125
11528	11525	11622	11622	0.125	0.125
11530	11527	11434	11434	0.125	0.125
11530	11529	11626	11626	0.125	0.125
11601	11602	11505	11505	0.125	0.125
11601	11604	11697	11697	0.125	0.125
11603	11606	11509	11509	0.125	0.125
11603	11608	11605	11605	0.125	0.125
11622	11611	11528	11528	0.125	0.125
11622	11613	11624	11624	0.125	0.125
11605	11614	11603	11603	0.125	0.125
11605	11616	11699	11699	0.125	0.125
11624	11619	11622	11622	0.125	0.125
11624	11621	11718	11718	0.125	0.125
11626	11623	11530	11530	0.125	0.125
11626	11625	11722	11722	0.125	0.125
11697	11698	11601	11601	0.125	0.125
11697	11700	11793	11793	0.125	0.125
11699	11702	11605	11605	0.125	0.125
11699	11704	11701	11701	0.125	0.125
11718	11707	11624	11624	0.125	0.125
11718	11709	11720	11720	0.125	0.125
11701	11710	11699	11699	0.125	0.125
11701	11712	11795	11795	0.125	0.125
11720	11715	11718	11718	0.125	0.125
11720	11717	11814	11814	0.125	0.125
11722	11719	11626	11626	0.125	0.125
11722	11721	11818	11818	0.125	0.125
11793	11794	11697	11697	0.125	0.125
11793	11796	11889	11889	0.125	0.125
11795	11798	11701	11701	0.125	0.125
11795	11800	11797	11797	0.125	0.125
11814	11803	11720	11720	0.125	0.125
11814	11805	11816	11816	0.125	0.125
11797	11806	11795	11795	0.125	0.125
11797	11808	11891	11891	0.125	0.125
11816	11811	11814	11814	0.125	0.125
11816	11813	11910	11910	0.125	0.125
11818	11815	11722	11722	0.125	0.125
11818	11817	11914	11914	0.125	0.125
11889	11890	11793	11793	0.125	0.125
11889	11892	11985	11985	0.125	0.125
11891	11894	11797	11797	0.125	0.125
11891	11896	11893	11893	0.125	0.125
11910	11899	11816	11816	0.125	0.125
11910	11901	11912	11912	0.125	0.125
11893	11902	11891	11891	0.125	0.125
11893	11904	11987	11987	0.125	0.125
11912	11907	11910	11910	0.125	0.125
11912	11909	12006	12006	0.125	0.125
11914	11911	11818	11818	0.125	0.125
11914	11913	12010	12010	0.125	0.125
11985	11986	11889	11889	0.125	0.125
11985	11988	12081	12081	0.125	0.125
11987	11990	11893	11893	0.125	0.125
11987	11992	11989	11989	0.125	0.125
12006	11995	11912	11912	0.125	0.125
12006	11997	12008	12008	0.125	0.125
11989	11998	11987	11987	0.125	0.125
11989	12000	12083	12083	0.125	0.125
12008	12003	12006	12006	0.125	0.125
12008	12005	12102	12102	0.125	0.125
12010	12007	11914	11914	0.125	0.125
12010	12009	12106	12106	0.125	0.125
12081	12082	11985	11985	0.125	0.125
12081	12084	12177	12177	0.125	0.125
12083	12086	11989	11989	0.125	0.125
12083	12088	12085	12085	0.125	0.125
12102	12091	12008	12008	0.125	0.125
12102	12093	12104	12104	0.125	0.125
12085	12094	12083	12083	0.125	0.125
12085	12096	12179	12179	0.125	0.125
12104	12099	12102	12102	0.125	0.125
12104	12101	12198	12198	0.125	0.125
12106	12103	12010	12010	0.125	0.125
12106	12105	12202	12202	0.125	0.125
12177	12178	12081	12081	0.125	0.125
12177	12180	12273	12273	0.125	0.125
12179	12182	12085	12085	0.125	0.125
12179	12184	12181	12181	0.125	0.125
12198	12187	12104	12104	0.125	0.125
12198	12189	12200	12200	0.125	0.125
12181	12190	12179	12179	0.125	0.125
12181	12192	12275	12275	0.125	0.125
12200	12195	12198	12198	0.125	0.125
12200	12197	12294	12294	0.125	0.125
12202	12199	12106	12106	0.125	0.125
12202	12201	12298	12298	0.125	0.125
12273	12274	12177	12177	0.125	0.125
12273	12276	12369	12369	0.125	0.125
12275	12278	12181	12181	0.125	0.125
12275	12280	12277	12277	0.125	0.125
12294	12283	12200	12200	0.125	0.125
12294	12285	12296	12296	0.125	0.125
12277	12286	12275	12275	0.125	0.125
12277	12288	12371	12371	0.125	0.125
12296	12291	12294	12294	0.125	0.125
12296	12293	12390	12390	0.125	0.125
12298	12295	12202	12202	0.125	0.125
12298	12297	12394	12394	0.125	0.125
12369	12370	12273	12273	0.125	0.125
12369	12372	12465	12465	0.125	0.125
12371	12374	12277	12277	0.125	0.125
12371	12376	12373	12373	0.125	0.125
12390	12379	12296	12296	0.125	0.125
12390	12381	12392	12392	0.125	0.125
12373	12382	12371	12371	0.125	0.125
12373	12384	12467	12467	0.125	0.125
12392	12387	12390	12390	0.125	0.125
12392	12389	12486	12486	0.125	0.125
12394	12391	12298	12298	0.125	0.125
12394	12393	12490	12490	0.125	0.125
12465	12466	12369	12369	0.125	0.125
12465	12468	12561	12561	0.125	0.125
12467	12470	12373	12373	0.125	0.125
12467	12472	12469	12469	0.125	0.125
12486	12475	12392	12392	0.125	0.125
12486	12477	12488	12488	0.125	0.125
12469	12478	12467	12467	0.125	0.125
12469	12480	12563	12563	0.125	0.125
12488	12483	12486	12486	0.125	0.125
12488	12485	12582	12582	0.125	0.125
12490	12487	12394	12394	0.125	0.125
12490	12489	12586	12586	0.125	0.125
12561	12562	12465	12465	0.125	0.125
12561	12564	12657	12657	0.125	0.125
12563	12566	12469	12469	0.125	0.125
12563	12568	12565	12565	0.125	0.125
12582	12571	12488	12488	0.125	0.125
12582	12573	12584	12584	0.125	0.125
12565	12574	12563	12563	0.125	0.125
12565	12576	12659	12659	0.125	0.125
12584	12579	12582	12582	0.125	0.125
12584	12581	12678	12678	0.125	0.125
12586	12583	12490	12490	0.125	0.125
12586	12585	12682	12682	0.125	0.125
12657	12658	12561	12561	0.125	0.125
12659	12662	12565	12565	0.125	0.125
12659	12664	12661	12661	0.125	0.125
12678	12667	12584	12584	0.125	0.125
12678	12669	12680	12680	0.125	0.125
12661	12670	12659	12659	0.125	0.125
12680	12675	12678	12678	0.125	0.125
12682	12679	12586	12586	0.125	0.125
